Время выполнения: 2 мс
Размер матрицы: 100x100

221334 236428 245593 261991 239023 237853 240777 199778 250051 250678 261590 226183 246268 273604 227918 249833 252998 251367 262395 235039 249496 239120 266241 260705 240903 253052 263718 249976 265684 254693 289973 266271 242869 253254 241028 237286 251598 251940 248251 242037 257369 262995 255046 239388 245472 226648 237238 247752 239274 259310 245312 272641 236172 253946 260112 247418 226408 236915 258129 237776 261056 259114 258903 252244 273914 258894 232314 225781 255058 234790 229524 279440 229990 261404 260098 280717 264266 298835 264171 253826 241824 235251 260576 245317 235068 289186 239037 252783 256706 246302 247396 244480 270495 235037 254190 270531 288734 251194 264686 253108 
216984 238867 229516 233909 231347 245590 238069 195072 238660 269812 259360 240150 228668 275988 230070 227875 240963 249383 251377 240554 230587 248842 254310 248770 250371 253284 257276 248416 244931 220522 279287 262584 262589 239201 254398 232565 249126 229932 248914 238545 235730 239429 259074 256120 244073 228675 234743 217105 235308 245122 236763 252318 233141 233973 247244 253755 241353 230930 267207 236720 276098 263375 245496 264105 260300 254195 247301 226489 240548 226598 246036 282736 237529 271283 270800 264607 262387 288033 271962 240506 234658 221056 269941 250056 232558 279682 238333 248021 256136 246762 248431 256682 263714 242618 255892 280557 263807 225101 250638 250703 
226519 225196 224928 238109 231117 245540 242959 213350 247691 242345 246735 226660 233421 261462 221927 233142 236274 256250 238950 248482 242689 227233 267692 236840 245417 241943 263917 258426 265405 242257 281408 255184 241782 234683 234869 220068 231803 230404 243707 233699 231513 243389 226945 245536 229224 216457 213840 231316 231172 241095 237273 251591 231128 234417 222377 232432 238852 227625 249968 226907 257004 249590 244769 249001 242771 244470 250300 214006 252039 224696 226333 260059 228381 270259 268651 259808 252786 288636 264897 255972 255494 216776 260204 230214 226608 282069 247380 269632 242308 230124 226432 254691 263887 233248 248283 254400 264109 238055 246402 248640 
195870 221706 226960 229811 231818 236165 235705 197499 236787 220689 250163 222172 231730 252105 220642 242373 239263 219244 237907 241719 244741 233726 266682 244564 235578 243420 235693 248478 254013 232865 261735 256648 230347 231610 237017 207630 223687 226755 237847 227030 224416 230208 259037 231635 242832 236045 224273 227441 222756 250481 208088 253292 206003 237246 248127 219665 217669 236651 255680 221622 255233 246780 222504 235090 259403 253503 224553 226762 227122 221673 226981 259686 197309 238686 248125 242868 237509 262636 229121 233069 235178 218305 246796 226963 205845 261652 224266 256653 239956 221049 219726 247124 264923 234669 220700 259077 233530 234526 247386 248756 
212032 238635 233434 233297 238799 239766 241060 191942 232111 244728 264014 232373 238916 251525 227634 237709 246286 231464 254301 234252 234412 224927 268943 235573 240944 241174 248788 257253 245757 234617 265028 250795 254184 215367 254696 228136 225094 228990 245469 238010 227221 231080 247417 224316 235821 223892 231556 228095 223727 247406 230972 228163 232103 225564 222729 230891 229142 233861 248466 219898 258027 242922 232012 236420 262442 239564 253498 210115 234919 234534 241002 259838 212864 240763 258232 251307 242983 268486 226666 246199 226613 219207 251350 250671 224158 271951 235952 256265 236769 223833 230173 262075 272152 234599 238509 259495 252612 227148 236552 239571 
208120 216386 214092 236549 236248 212459 231058 199983 235258 227151 243773 224462 223361 232364 223103 226860 244770 224998 223447 232982 232566 215255 261842 233687 241280 245944 224792 243638 237284 242409 278366 253251 238990 203913 241964 213309 247524 223296 248501 208229 211570 238872 244039 216417 227394 211233 231434 223237 230548 232489 226675 229064 207111 223194 212075 238290 226191 221528 227720 222259 247471 247196 239920 226362 254092 234780 232869 222227 222998 227684 239323 256702 210601 234683 273065 227150 227116 273408 213961 218532 223081 211562 256509 253876 215875 282020 229417 254318 240191 202988 216209 247141 256406 232515 235352 253065 253750 226641 236764 249382 
219873 218709 232232 230410 235883 244872 233842 191748 235890 246137 249697 229956 225435 256316 216573 226747 220725 253384 230644 228422 236920 223428 255410 237293 240613 234969 254165 243765 239704 230067 258598 255281 249296 236058 239407 233825 236081 241958 240952 212574 245769 226957 222084 240856 231991 197942 208776 211426 235605 225077 224433 235945 243031 225729 228177 211941 228437 234773 239541 227614 265135 246981 244748 245282 244518 231537 231415 209999 237084 229193 224252 264055 205217 243629 264736 261745 240730 262914 258265 229091 239512 201627 239131 236060 217161 276545 221827 259718 237325 221728 246904 240606 256902 242451 229534 266580 256260 214765 245011 234783 
190438 218862 198986 239052 233965 234223 225787 179261 235514 236748 249140 208348 219249 243231 214066 220175 231957 238119 217691 239189 226788 231024 247924 236465 240310 229714 235262 251541 236848 228584 260491 256545 224645 202832 240468 210934 237708 226465 228672 212909 210416 240340 244141 227401 234009 214092 217940 225203 224457 241445 225248 227450 213639 221081 220308 228398 213354 224791 247704 213464 237416 238400 223376 244321 230417 235565 234144 197042 230105 229515 225654 261863 213345 231834 256111 237296 236736 273578 229658 218211 220940 209609 229112 226214 197496 267781 231906 241147 231778 211329 208557 235236 257428 224164 234050 258157 261057 238320 247621 230311 
232611 233708 240780 255049 276689 249810 259058 208857 253910 253365 266456 227978 243495 276438 245247 240553 256884 256669 251047 247849 263993 242278 271805 256308 274847 256734 249717 261609 265438 261184 277514 291593 252266 231612 253998 244369 256329 254934 251173 257174 242885 271499 254363 246758 241826 230607 245256 228428 253876 245489 233375 247907 242262 245769 261266 260801 251796 258210 250185 234959 274065 272029 253367 259881 278964 247251 265574 231697 245738 253452 247529 288207 241597 256528 274673 268411 267923 290844 258230 244099 243921 237533 275495 271828 246534 290281 256044 288190 269266 232845 254902 265730 270037 254913 269898 282806 278967 244271 266651 254245 
215852 217532 226339 232194 251593 243333 230783 205474 244172 218131 249456 223129 234879 267077 231549 226649 236238 231698 247622 224436 250170 215848 260408 229552 245947 239281 241664 245512 253420 233229 266400 254922 225212 232083 249041 225699 234361 234285 243486 234411 245706 239785 253502 234068 225973 227294 226667 226266 230128 234589 217436 236650 240458 229775 239442 229080 226848 230149 241942 216940 257138 246145 237909 246895 261322 240355 237403 209560 236152 231356 228482 238299 218885 239028 255496 243475 245000 270078 226998 232492 235634 226466 232813 240500 230942 279448 220954 257848 243520 236749 228014 256456 263865 228601 238212 254401 239278 223876 256674 253856 
218674 232000 230154 240560 250469 248745 245156 192875 234507 236955 258636 243658 243482 260741 231944 234171 233830 232167 239155 243605 243925 250333 261644 246589 241916 242381 243957 245066 237700 242011 264216 242613 251709 219309 252385 226147 219319 244954 249223 218974 219001 242196 243232 221454 248676 204123 224115 221338 220219 244492 230603 233530 221572 236718 246870 227906 227642 240710 249949 222945 268245 256254 250531 247467 257568 247979 243080 230476 228853 243477 238435 270554 219782 262633 253672 248717 231734 262036 243068 240753 248564 215875 250994 256984 218822 286433 227116 264638 254193 209859 232848 248172 267357 233240 236945 264043 260069 230571 245656 231200 
240207 264867 243651 252050 254527 275135 259946 220763 258680 271428 280936 256012 264391 265368 243702 249814 269478 261674 261639 255501 259086 265432 288894 262928 264728 262087 276366 278025 272662 259705 298137 270741 255296 239683 270994 236318 248147 255819 262458 250239 249640 284430 262620 245526 265570 251015 250300 253007 262987 261747 258064 263941 259834 248733 256766 251200 251002 250408 270949 238807 280083 269845 260261 256600 277494 279018 251756 234440 258163 263246 252925 297060 239063 271010 272200 271545 270423 298016 256558 260864 255542 247468 259362 252301 238260 297150 260227 279285 263244 252988 252533 272164 287140 243466 263266 286548 287645 253300 280267 266469 
220490 237896 224962 225705 239786 232631 238244 210469 241571 258080 237225 236216 232807 245627 242548 247495 237746 246020 240427 233699 247019 242694 257804 245059 240482 245226 237025 236787 247400 233700 264681 254395 228513 225999 253023 218828 240766 232951 259063 222585 241536 239218 255508 249474 236939 217662 239741 221630 231109 244862 226221 232451 225339 219601 225609 230664 232711 232236 246774 228866 273383 253439 238177 243001 265122 242864 243886 217481 240907 231314 239220 273210 213620 245375 259145 236329 235774 259008 236700 226877 242421 208310 251852 234170 211229 282290 223105 251124 242490 217947 244302 254743 262527 224982 230618 255046 248308 237027 238675 239347 
223186 243722 239161 273859 253108 250297 264169 212338 269145 265577 271503 259159 247963 274094 241185 248382 267803 253308 242113 256150 246692 255694 279522 268274 272865 260241 271971 266192 263882 251825 289854 280361 262686 240862 261023 236122 248218 245181 261125 243601 251182 258093 265663 251334 261665 245105 247637 245431 248483 266686 253838 258466 252874 239901 258694 265751 249523 250376 254491 240269 270389 275240 265245 266467 265648 263911 258879 232983 269329 248395 252281 299065 227359 262559 290230 276762 266619 294670 268930 246392 250497 234475 254183 257414 225536 293807 250265 268436 251081 229901 247517 255024 293985 252964 262656 288947 289517 263432 266926 247775 
247067 259027 242815 279158 244172 262408 268735 211292 251820 256668 277168 253124 261266 274273 255620 246156 264568 261627 258339 258291 246860 258599 293116 268169 263440 265479 272755 278641 256818 269936 286835 268852 262803 244387 267507 244940 254893 257659 275165 241540 253384 265077 266291 247961 250252 233914 239996 244308 251352 268348 265874 260613 252616 249286 275457 257393 241512 259390 270553 231145 284532 285117 254619 248659 288846 259849 269701 246070 276262 249488 267523 297069 238028 272465 278511 266216 260337 294002 272524 271037 257302 237852 266560 265943 227991 284272 260046 281442 258445 238892 259410 281220 275739 270700 272738 298220 303917 250226 260949 257209 
235756 250706 263371 257683 266856 260149 258627 207559 268255 247376 278180 249005 253848 279255 259644 241273 261266 252437 251400 258504 265601 253435 293964 272010 263595 270879 274780 264115 271070 264435 274505 271904 259949 247144 258897 245114 265026 263294 269334 250861 248625 265531 268844 245291 249778 227581 253247 248824 251125 256519 255847 248483 247831 242913 252804 246627 240045 246777 263105 255085 289205 282068 267799 258580 299618 263500 256347 227835 264923 261501 258215 285813 235882 258030 272757 269880 273948 285796 257642 248624 256489 227403 275548 268610 232303 310749 242762 271514 272629 232756 272432 287332 289359 253258 252988 291173 296171 260700 259705 253023 
194550 210821 215338 227036 222470 227254 221848 188620 240900 220652 229696 206067 220251 244708 217740 220356 216759 225500 223533 239938 225086 220559 248217 242335 228247 219071 232264 234699 234737 212647 257074 248552 218234 205401 228190 205149 229263 226590 229823 217344 211066 225359 233044 223233 228771 216255 213015 210330 211084 217941 202981 227664 227676 216649 228623 214141 221969 212392 234884 213370 241043 234340 221830 235309 228435 234735 223581 194939 230415 210958 228068 248219 193214 221472 259509 221105 229248 251398 217839 214651 228268 210348 237016 218389 206284 254213 212951 248916 247245 220187 213986 248877 242607 235475 227055 247569 244390 218167 228489 233827 
233945 261693 255411 259327 282835 264726 264231 231293 272858 262165 292499 264711 260968 294155 262532 262129 269567 270384 272984 263012 274208 268354 306375 271949 281269 269838 272177 292782 292068 277379 303189 293749 270628 261188 280930 240937 245239 274199 281861 264204 262975 271531 271024 263265 261778 241711 248839 254658 259231 269972 249520 271705 249081 276548 278645 279034 261586 263612 275620 245586 293340 292088 280766 266189 298917 281644 282323 249711 273730 244539 267093 290012 230278 275442 301757 283001 284205 295731 267283 281867 272782 239861 264280 290724 245587 319746 262757 303898 278864 260873 263772 276759 285518 250550 285771 285411 284469 274597 286687 277226 
242318 247184 262175 258869 256856 271624 265384 225282 260639 274268 291691 253154 250176 278948 253784 263487 255643 270755 269805 254762 262494 249168 290175 281498 268672 263437 276270 284586 267388 257212 287119 272489 270771 249759 258674 233843 264493 258304 267709 250860 259625 261732 261949 250566 248614 230972 253037 272503 256215 261541 261473 265187 252148 252138 253933 246761 256703 257328 272882 243075 286200 272549 253307 270357 287486 273667 249515 228057 261661 250141 249092 283481 242125 273329 282296 273086 276177 303255 262815 264271 253177 248896 272934 250711 242135 281456 246210 281339 250646 243944 261019 276658 292123 263894 268187 285856 305462 270649 256351 262491 
188597 211802 219264 229467 231401 209254 211973 169567 227639 221202 240258 200236 208162 228404 195615 204510 204764 216894 205378 227231 212992 219413 248849 222407 226760 207378 229686 208550 226433 194832 240325 220621 210046 208489 226291 206554 203981 228752 216303 205449 214914 214158 219931 206873 216537 184490 200355 206559 184557 221167 214840 201204 192691 219227 210703 205117 185344 203674 224046 205189 235228 227960 218053 209350 225415 225117 212669 191375 210375 210545 211572 245616 179700 221376 218985 215639 208630 227677 225936 207050 209741 193613 209437 207982 195695 252739 212046 223909 219803 196714 223918 218121 233132 186607 200312 234671 248457 207558 226857 204599 
235419 250950 243644 252396 245642 255412 256900 211926 256027 270192 263072 234779 258976 272953 243797 235654 251482 252360 244983 249368 249737 256168 289725 264842 271202 256888 267655 269760 258461 245140 270916 264698 270282 240233 267006 240103 262024 257355 271897 224511 271746 248724 266461 255295 245283 232873 250406 222566 247303 250257 246225 247657 255992 255819 249465 241080 237974 255169 269369 241589 284743 255981 261852 266501 265920 260461 250820 237612 259558 243367 271489 271161 231500 270182 279193 251684 261828 289823 257832 240760 258542 227845 261938 245362 241441 281842 235551 280202 257740 233035 261851 271143 267446 245133 248790 281820 273522 240596 249871 276781 
200232 214419 229312 239508 242967 237898 241926 202279 263183 228947 259897 227288 228474 247624 228525 224375 241409 235596 219327 234862 232529 239920 257002 254967 254511 240977 239631 256689 243332 232570 277098 262894 242450 236251 237857 231289 238336 240671 243420 225340 234368 233370 254092 212989 233930 218781 228855 223952 233717 237121 227420 246253 237597 235489 241460 243134 213794 235277 230284 224155 261163 264860 240896 235045 256675 245054 238901 225272 231397 232091 238178 267485 217250 243386 252017 250393 242319 266079 255077 232393 233722 213510 238529 240170 209020 262846 244148 257707 234065 216685 231317 237803 253308 234069 236642 258479 250321 239349 235596 236101 
216238 233069 211843 251031 241242 230082 233741 195768 241391 251790 260099 231109 232293 260715 243911 231905 234210 246844 249937 234393 241758 249297 282190 244429 244444 239861 246796 258355 239889 239802 258063 255925 241753 225161 258783 235546 243160 246477 244263 227197 232331 241117 247785 231310 228829 212703 231971 239705 255326 238558 231550 247381 220511 225803 245850 227890 228504 244779 249370 232533 255534 254557 238114 270610 264301 246288 249880 219021 241932 248789 226436 285866 219466 249283 264733 237120 261188 262165 241562 234790 248861 222697 250101 248063 217270 283458 237442 256180 241811 229546 253421 254367 275985 246486 241017 269763 248748 233711 267125 241452 
216658 245548 228391 227254 249257 250862 259037 191084 238166 231285 251096 237256 236787 246644 245130 245840 243423 237352 237168 236557 239820 232952 257061 257265 233023 235269 239928 250055 227385 242099 283799 249303 242048 236505 250863 216030 245575 233476 253192 235482 216109 234628 242535 229592 235015 224543 219003 233504 223081 243693 236702 251034 215751 213919 226348 242805 243679 223983 254493 202041 266611 272276 234201 238741 257243 250212 245725 213168 229592 228689 239215 274579 227313 246070 263265 238195 240401 274861 229070 232009 217913 223740 260495 245056 214032 279281 235376 236440 236075 214064 215529 244892 262237 223124 233943 274447 257271 234719 245087 240723 
207020 225189 225264 237741 204662 233766 221756 191484 217863 226588 248042 217950 218654 237683 211747 231457 246137 215953 242513 220732 226471 218473 255846 231214 235308 224388 239152 258620 242254 229911 251594 239570 233572 221008 228023 199194 222141 203438 236382 218423 212385 233082 236496 229413 220192 225422 219626 226986 233496 231439 219397 233523 216401 231261 226708 239398 219547 226096 228620 227010 237154 233058 239177 230423 257974 247476 224628 220998 242973 220448 211634 240720 202962 233652 257846 238751 240989 268245 237340 235801 222746 208587 247851 233772 204505 265892 218737 234205 234261 228007 218177 250654 264143 228088 236667 253166 248853 228704 238420 225896 
227130 255000 240396 259464 248059 254213 246272 202577 246841 256754 250947 230471 249796 259240 252471 236246 239802 253867 244291 247477 239252 254790 267634 258344 248943 252618 262855 255094 248568 272111 274936 259633 256017 232662 244531 238565 243842 252401 252593 225935 239895 254948 251045 247426 255756 235978 235821 225984 239296 239373 242849 247533 243865 236390 254197 239447 250508 240190 260798 219618 277787 265480 260213 241834 269965 250649 249212 223518 247900 246311 249719 276751 229351 255810 255165 270610 247821 280641 244862 244575 258384 224474 257602 237909 229122 274049 235965 264726 240012 223518 254402 247750 267562 261095 247705 280514 271415 239787 250160 246064 
227706 228646 222906 247278 246752 229583 235865 201045 255260 252072 265247 245724 225992 257346 228347 254256 235025 241034 232661 233858 249571 246971 274652 224372 253614 258268 255956 251158 259674 234104 280241 254859 251077 236294 248649 229152 242363 240288 260832 234918 236659 237194 261728 233178 218129 223740 232642 247220 247251 227942 226749 256185 230743 241201 237098 230728 240829 234158 247829 235212 267766 259972 261532 260590 268259 234011 237644 221706 243583 249953 213346 269177 219987 269501 261656 245727 248374 266639 253705 233426 245524 224583 257900 250943 233633 297070 249359 247510 254964 225631 233246 256579 271972 237733 236645 256366 257930 234851 266802 247840 
243238 254168 259854 270346 270835 257129 277957 226887 272820 268064 291227 258179 257973 281508 248862 256692 278859 262800 265221 272577 259363 262202 293312 283762 277914 273801 282372 283051 274543 275252 301178 272924 268869 267556 274052 237425 240933 256728 277314 252596 252049 266081 266377 264702 270754 234699 249756 248308 250732 258848 264207 269366 264439 264716 257683 263938 251594 253960 282877 241108 298659 295234 277678 264050 287181 289406 265982 234767 261047 258777 265064 293188 226724 271683 288000 280049 270229 301095 279067 270794 260561 237491 268266 260122 241336 308761 266014 276278 260766 239113 263289 260504 285416 253518 266161 297188 310776 266317 263457 251360 
230612 219482 212117 238684 231085 251575 239224 199773 238506 243665 253218 231044 226551 272000 225965 234029 235656 246868 229286 235542 239750 243583 275275 251238 240149 243014 255911 264247 235100 244174 268593 250853 231536 234676 243401 205682 240640 241705 258423 212323 233049 248904 254414 241714 223652 217989 224837 223746 244000 235275 234827 254477 244064 238953 252851 244206 221369 246090 251869 226287 267303 259649 262967 247453 254591 247661 239513 224982 237480 216886 224360 264196 215156 261979 257695 243973 246019 267761 246840 260981 223045 214596 258058 245431 233197 271154 243372 255520 243858 224907 224267 247774 259884 219871 245526 259295 260894 227368 253222 247003 
228804 241340 249502 247389 251819 240957 241012 216240 246362 231636 266532 237396 253615 246523 232986 248449 244017 246704 255266 227767 246757 234794 259378 270538 239648 252014 257658 245064 233599 232265 262804 257083 241809 246020 267080 243127 243902 243676 260430 232258 238188 243518 243421 245669 249199 221563 225620 233838 237482 246600 233046 237430 236409 235530 237646 242145 237651 251199 255820 223580 267186 260595 244777 244100 266126 266049 234269 204956 236023 251158 238612 266487 223939 241099 267236 258935 251714 276312 232336 238668 252633 223236 247785 243939 214231 283342 236707 269603 251583 212594 235621 256499 279696 238377 232053 272633 278809 243000 249995 234758 
207229 231800 231404 245460 239718 240623 235635 200803 259514 238659 268112 240646 237597 253571 231005 245543 235196 247778 240601 237836 250089 221855 270256 236332 249802 246499 259841 251267 266653 223011 277540 250748 253930 246198 243162 234524 254887 236595 254499 233671 252761 231182 263059 239357 243161 224799 233547 260232 238134 255543 257416 258420 248674 250116 235727 244160 231053 239415 257779 243354 268475 262473 251437 247300 263753 240056 243868 211039 257218 242828 233097 265445 221757 252248 267047 275850 258116 284543 256687 234964 240938 225737 250196 241340 218066 289252 241311 261298 263097 228660 247236 261416 274305 247479 240898 263287 271683 233774 251862 253819 
223617 245749 242829 278086 262214 253114 252676 224207 263824 256179 275975 236038 262768 283199 237679 250742 257407 257987 248553 262904 250928 256656 273823 252182 254899 266013 273309 265037 268281 264404 290885 274788 262525 253115 272341 250118 253935 243431 260117 231549 257273 277522 262417 252207 252282 236436 243807 233698 241023 244058 251884 264193 255055 260484 260987 258446 254647 246366 258673 239306 283943 271158 264216 259727 274389 265929 239752 223986 253518 253816 242816 275280 230250 258905 279870 262717 272798 292001 263880 247795 260186 234486 267498 257296 238606 293311 253261 270238 260597 244381 240559 261777 278619 262606 253005 290369 283966 267226 273609 257408 
217289 243897 228535 243156 230022 241611 235077 184267 244573 236623 258672 223066 232852 264846 238169 226208 236198 230997 237172 229887 245674 232290 266658 243048 248745 240933 259425 259360 247125 241253 266751 241004 227750 231571 250844 225749 230810 236933 243624 224397 252350 236332 242365 246218 232024 214937 221134 223009 231997 234397 230144 238801 231237 226972 254370 223561 239563 230511 256890 222753 255405 252914 244230 255091 256966 251056 236089 197463 249901 235553 229058 273879 216823 248423 258474 256713 249002 270354 243885 241658 232843 214245 241180 228316 223699 270719 216276 247256 245980 234506 236764 258472 261951 242858 235272 270423 264864 233601 246108 237789 
206902 240826 227293 250422 252981 246548 254855 200059 245710 245866 270805 240858 240767 263666 236118 229277 247895 245290 247894 256607 251701 237406 281226 252987 256411 257027 251861 267944 249393 255815 284099 256579 257195 241146 246639 225994 252847 249695 249696 224885 236670 244082 252635 256603 246985 217892 235793 253068 253347 259220 253172 263707 232557 250391 256141 251423 238060 234487 260843 229494 263752 269451 268695 263259 263737 271358 244712 226670 258382 239066 240758 285065 223644 264341 278753 271710 254571 294591 257190 251946 238092 221807 252384 256892 228475 295694 236110 250132 245486 229094 248808 244698 270181 239058 250839 270713 275932 256523 262055 258075 
234237 239773 250613 260459 263918 259191 260847 208600 258225 250718 276842 234904 250854 259526 249326 257897 251646 270524 245854 261040 254706 254931 279251 244284 256299 248954 271948 266191 255636 270382 298090 266325 260866 244306 266186 247551 250578 254823 256404 247058 249467 262895 250578 256467 249424 230802 225628 249621 240158 242329 248223 255312 254992 252463 258054 257058 250974 253851 261032 234286 280255 275202 254049 262560 269553 251427 252385 229962 252049 250680 248142 289428 234560 263335 275918 272849 264271 287089 265591 244024 247279 238617 262363 252505 239262 289012 262323 284646 253170 226821 252809 264543 281888 255318 257420 284079 272274 244632 272505 253053 
224072 252856 229358 252350 250697 242738 249081 193449 253706 256086 271709 244240 252440 264786 251299 236899 251641 236826 240392 243169 252387 251556 280942 255592 261397 250777 265811 244911 252159 244475 264487 260448 267558 233373 255776 235990 250259 244354 262146 226459 242147 251413 273486 249246 261437 243535 256316 241212 250323 253762 251527 259294 255732 245727 247911 246133 239909 241097 241562 239288 279198 256703 269981 258192 269653 252772 250540 240843 249570 246141 256938 280786 229842 257145 271660 270718 265125 279060 247762 242506 243251 232958 261898 249123 240430 286958 244041 261318 261969 238586 263393 255387 284573 246549 250450 259679 272667 232741 247769 261470 
213576 233354 233733 248031 239427 237545 234393 204592 241043 231120 259896 222781 232075 253368 220185 236892 242617 225771 222806 234177 235918 232451 263629 241764 242448 219705 240569 238722 238161 230612 259538 243401 236370 219117 227883 214516 242059 238810 234708 213474 229314 241763 231373 214749 227505 205756 230344 231337 221854 235441 234200 230354 212145 224850 231847 220905 232740 228638 240075 221474 244234 243501 241876 243622 261346 242625 216194 211740 244245 221086 231316 259326 216278 247776 257293 245247 235596 261994 253046 237905 214474 221101 238945 235021 224072 273107 228629 258965 247162 221508 236309 250177 242963 211494 232204 250385 277607 228477 246700 217568 
236384 274889 267507 287895 285264 279787 281156 231423 285211 274993 292445 264684 278280 281931 280906 269170 283832 276332 280853 273021 278891 286464 315896 290251 281168 278390 283631 295237 286730 273564 305682 301702 287522 273239 281276 254450 278188 281772 283223 256505 277684 275538 305426 277563 278288 269701 267157 272199 266145 285583 272681 289186 254710 272503 290053 275563 262120 272234 289074 262384 311738 306748 281101 289139 300568 296618 295877 265113 280360 264548 281010 311005 254913 284369 302655 284040 288621 312927 272540 278599 282118 249965 300095 273115 251205 316460 278112 304060 283079 250318 266155 290808 304662 274357 279259 302943 281343 275325 294222 281908 
202237 247350 237534 241098 256002 256409 242992 196892 257014 245423 257383 236963 239188 263321 236640 237106 237177 237183 241911 249504 253871 231126 279659 266774 260320 231101 250396 270407 265940 246014 263608 266375 241013 242289 252905 214257 242894 253735 261167 227436 238330 247782 263242 243651 248353 220871 245777 236738 239652 246451 218000 239379 224390 248129 245218 239990 234176 255272 259714 237555 274397 270049 255095 236788 270091 261665 249378 240066 233208 235372 240198 279988 215842 250640 257830 246628 248412 275836 245207 249277 241101 232825 260240 234736 220525 288638 226496 268975 259302 234751 242688 251095 275151 235002 235245 269176 274653 247791 252767 238629 
261278 275642 279148 289087 294660 291526 299631 240755 293121 293040 314172 298273 279474 309456 276356 274918 297802 292677 291026 297690 303732 289777 322760 305106 308269 299644 310385 302888 308013 266902 334988 310134 290822 282870 312799 279867 286523 290311 306063 291480 280075 293161 298313 278283 288907 257172 279170 277857 281947 286574 274441 292029 285510 286016 277760 285766 268123 281718 297269 282802 316832 305870 283911 292493 305329 301500 293121 268846 298619 288015 290744 334561 277713 307952 318743 305775 305887 336891 289461 297168 285614 255352 293515 289643 256367 334742 291023 312206 303224 269455 286354 312019 319921 282980 291015 324324 311536 284148 299814 296346 
194953 223752 200304 224072 238516 219050 241548 188632 218866 223195 235607 226101 212667 233267 214110 220654 233389 215542 223656 233578 228663 235372 238341 228782 234839 225267 243778 208635 238259 216858 254123 251341 230017 216314 242885 215050 219393 211565 243771 219302 225908 233948 226567 217038 230635 216472 226207 217053 215599 219516 213372 219402 221364 209089 225212 222202 223227 208424 226411 203440 244986 246351 240490 214868 239486 228009 216984 194903 233232 217087 222948 253773 203664 224858 252396 227073 237377 240929 225894 221012 228693 210842 234723 224414 210558 266586 237533 236338 225165 187783 214473 226655 251079 223921 223544 254618 229994 220721 238571 225811 
221377 247884 250402 251070 249428 242906 247648 193499 248752 241853 256230 228065 234636 263192 236524 231741 249077 240259 261705 258762 243893 234639 279798 254889 243173 250633 270846 253896 256334 260990 285118 262836 250330 238312 268026 239752 249874 244711 257207 239793 235059 244607 244548 251382 240760 230131 218517 241859 240768 244052 234049 251412 237581 230037 240750 246384 247889 234612 252166 229695 277898 260114 253801 263312 261589 257600 251451 210872 248856 247954 247404 272308 218860 250788 272031 254933 258946 285319 244487 237205 254604 225863 271160 258745 237704 283767 239518 269031 252843 237841 233293 272729 288455 267128 244992 280564 251045 239100 260506 260704 
228092 247296 244630 243383 220875 240021 232368 201023 239233 239204 253921 226007 231817 260659 237411 234459 245922 237603 249414 239433 246896 234735 278446 230936 220455 225337 252754 249807 256149 244801 276493 261784 247177 231900 245418 207428 229585 227761 243194 236299 236747 257676 250126 243530 243895 218704 239496 215513 225665 245165 225825 232663 224624 235982 237341 233058 232710 241844 247235 252205 261464 253934 253178 238730 253553 254115 241446 227666 242967 221792 232873 270698 207607 258471 261556 248942 250256 257297 237421 251354 240803 229476 261721 234263 227465 273690 243834 262793 246137 224128 232362 277575 258790 224999 256745 257503 267881 224259 262765 243246 
247627 249972 260214 272437 278246 266050 273457 226454 273083 265251 287307 279172 254665 286683 254871 254146 267292 256958 266643 251550 270311 264923 293061 276274 266795 280976 271440 270382 284528 261429 299698 287784 257333 263027 269398 243550 263636 276421 272305 245940 255589 273442 273172 268554 263850 242042 262100 263597 258445 263243 249097 281444 247265 257471 268449 257121 252275 262198 271401 258468 293274 289565 274662 262202 285493 290526 255792 258890 262259 262910 247212 300748 251856 284390 297609 283677 254849 309507 273671 274965 263930 243916 279198 261440 243882 302993 240779 284810 265904 236956 263000 265701 290676 261617 261885 293829 308409 277546 281337 264374 
170070 196312 205252 190781 210683 219302 202755 163795 202729 192131 221816 201242 206520 233935 192253 196833 213253 195749 203062 192731 214473 189170 224069 223360 211487 194911 214883 206209 207314 203711 235172 219753 201112 222736 202858 180128 198318 197952 211755 204919 206905 204242 220741 203895 207406 192731 207813 188654 197030 210191 198103 212933 202842 205437 208206 208456 184261 204936 201566 200265 218469 215937 204272 212127 213408 229920 205676 184195 196600 192576 205675 233512 202574 210126 226724 227603 218142 242499 211530 210131 200584 180807 215685 204328 185013 249190 191254 208957 227743 197241 203633 217495 240446 192487 201165 225472 218188 210762 201179 214786 
231782 239442 232466 237974 234252 260122 242307 201076 238667 239211 251476 222626 234116 264187 229850 240610 244960 248280 241579 223213 242785 239820 258431 246388 231341 257404 249704 262326 239657 240574 267227 255822 238293 238079 244774 229846 247379 251664 241337 229968 233570 252046 244658 231535 232265 237894 223057 220954 230616 226050 236198 254428 234968 224290 238035 230984 228243 232625 267829 215441 272618 264443 257191 239091 247832 253183 253248 219376 223956 209496 239959 273196 222816 244838 262265 260205 242435 282230 240468 247697 227078 225292 265000 237631 232392 271349 242381 260908 246246 227501 227138 249931 260711 226227 218829 265940 265736 224316 247675 236096 
220197 218505 226565 229514 245579 230960 239175 193783 260901 247889 252714 233317 214673 238983 224867 229589 230293 233656 205079 235477 238039 247855 244346 240546 254395 241729 242854 246146 241484 216001 261940 248963 240734 226723 232590 220384 239035 248969 231796 219904 227021 232284 224959 229087 222031 210378 216788 235457 223623 229761 224067 247551 221771 224461 230803 220523 220614 229138 225490 221400 260577 238644 243420 233840 263640 226517 235101 216116 237222 238849 226326 255856 209419 236189 239142 276173 244700 271051 240746 224130 218175 219619 237256 240525 227628 265526 235925 250298 249319 224197 234860 232194 254536 228311 226110 250356 255975 217263 246081 226234 
197325 222381 220851 238912 253984 244955 241514 215395 251429 246938 271912 224737 231722 262132 230884 225472 230604 250114 234787 248111 259898 230212 267114 250867 255906 255123 247582 268561 281230 224423 269513 273588 237616 247314 242175 216873 243430 251590 254789 230322 237766 245861 246257 259243 228377 222704 225404 238665 247175 233920 218315 261160 227370 246213 248237 246198 240377 230790 257303 220419 270456 261145 252719 245055 259043 236668 254629 220857 247333 219593 233935 268141 209033 252407 268578 255598 256856 281038 250359 239398 237172 219767 244484 235034 231235 278975 233013 268991 251310 248852 238989 241439 251675 247787 244168 267402 263920 241900 261358 266489 
198984 211090 208629 218020 212693 222920 224021 178075 231668 215604 229356 204735 213765 222574 217987 209699 223884 216697 215820 219522 226350 206506 233066 220073 214994 230414 212431 239704 229797 200665 234078 246380 211525 215277 220317 210393 208721 224187 206921 208710 213190 204468 233889 214441 202540 206493 207231 200590 199682 225397 204675 205508 200296 212480 215593 217265 202831 222702 233104 199856 246399 238912 215072 213051 242228 229312 221643 195419 200381 207218 211842 238677 189167 231909 219350 221027 221121 251275 214739 218106 206206 185355 227138 211572 188181 235529 219194 229402 210192 200766 202809 222609 223189 197905 202918 229010 234673 212574 213903 212089 
223607 246387 242945 243366 256862 242259 249640 217988 263376 253096 250955 233576 248644 270145 245976 245905 250370 256983 251948 241147 257341 235244 271299 258784 271267 236266 256866 275706 268539 239723 286479 261178 243408 244951 248590 243978 239400 236444 266460 248173 254503 244061 256826 246118 260210 226694 242302 245232 236809 261645 243613 256239 245829 254402 247051 253279 243944 241861 269293 246303 269255 267800 246277 251245 269480 260858 257731 226487 258763 236138 251188 276282 233376 266974 261484 262523 257512 292786 271126 251339 245953 217234 259470 243371 224194 293157 235261 265271 257549 243981 249229 264761 284192 249558 247579 300283 277144 250541 252375 252118 
203721 228040 214387 230064 220311 226267 229886 203856 240569 230932 241931 209193 225612 243769 223666 240515 228105 213848 226795 231006 236141 230241 257653 239250 240404 239876 241927 237891 244570 226255 250705 247066 237227 223582 228426 222630 238205 225215 251438 211623 225479 243530 214979 229431 237550 213222 218338 232486 245219 219183 220181 247174 224463 235007 244472 230192 244052 222112 244038 212808 254725 241004 248274 234880 247798 238501 217160 196662 232381 226609 226017 262811 194682 222460 249674 244405 242245 262992 252997 224856 235641 218246 232196 233126 215999 269631 215884 243027 239427 224593 233538 233668 245807 237080 247402 249723 246295 225155 247258 237859 
193565 236607 216424 224043 261173 243951 245224 202557 236230 239879 254086 232633 242030 247537 233443 223443 237897 237063 224097 242997 237286 245888 257268 242139 254589 228344 241071 251957 230779 224709 252564 255499 242053 208651 244866 232244 229361 243411 233252 221299 229824 241871 238085 227169 243877 218503 218664 241625 227046 234837 223741 221733 237521 230056 231863 217268 224897 230486 230621 212882 261499 247102 230867 231111 273292 243901 234411 222191 225869 226061 242599 266604 215055 245708 239819 244980 241825 263619 244278 233633 235445 207925 245779 242723 222168 276654 236465 270930 249469 212097 234939 238789 264305 235243 241753 254738 245278 224570 246712 223623 
236990 265259 258205 268964 264527 279162 272526 222416 283759 270831 268941 254667 277146 283294 272133 254272 265912 271981 264175 274114 268105 269587 284025 261133 270799 276581 282227 279260 269554 277037 299823 270443 265903 252831 281970 274816 264754 258979 277992 241298 270987 272250 282594 269939 266623 244767 252709 257371 263029 261900 263968 276990 258084 252749 259112 265271 264495 264380 278387 232805 299863 295674 276231 278444 294078 267769 267318 237260 274579 252014 256938 290399 243772 275837 296550 285273 273196 303496 271618 258834 274697 242534 278816 267841 247167 306177 248727 293185 270533 246410 257040 275759 293208 270520 264419 294506 287203 264328 265760 270242 
228019 238235 230701 251767 266636 243615 260032 209900 259519 257181 275102 242253 230322 260294 234468 238624 255603 261014 235245 249665 247884 252044 276360 258471 266044 259433 252650 258696 270571 251768 275173 273872 263683 246704 263862 226966 246617 241973 264186 229333 243862 254706 255941 237110 234211 219995 236214 229675 248828 248617 259024 246936 249930 239887 231976 256803 237875 235421 253576 252485 274325 268669 263771 259227 275160 264153 253497 226175 250909 253364 259790 274254 227324 267733 264116 250568 268302 293950 258235 237888 236326 223967 272497 267545 229783 285368 250863 263377 250533 226817 253939 269498 288990 241099 250152 291071 270726 249114 267686 251592 
204197 214103 207364 225776 235176 237085 234988 182755 220913 225646 240028 215773 228075 253187 214442 214380 231365 228116 220933 228728 219630 224223 255625 240231 236202 244531 235430 234280 236471 219188 255828 244887 236311 213689 246309 221782 228464 221608 221110 208419 212076 232029 243658 220632 227183 204987 211178 209306 229993 220531 224376 230525 230101 217018 228321 209298 203677 213618 232156 185657 235715 237301 217247 238789 232243 247769 233022 203795 232805 236871 233222 261655 203911 238467 249311 234184 227710 262836 230461 236927 225022 208585 236046 251409 212900 263827 219701 239515 229959 221656 219759 231297 254942 220186 234036 248196 242337 214414 230203 236952 
234649 257187 245129 251841 265000 262066 251133 220343 264133 277140 265919 261928 244053 274657 241929 251146 262403 268938 258478 250335 259514 258327 283743 274435 269776 272420 260829 270714 258827 258586 291585 276534 283077 246628 260535 219634 250289 239457 275622 242181 233053 261097 276261 244073 251912 236564 264179 239235 258081 251731 253378 272599 250454 255593 246240 267103 249933 261994 262155 258937 287395 287458 288987 261375 279729 264470 265486 253644 255159 238650 247770 297989 234851 272165 288008 288030 270800 297563 277754 253463 257495 234631 273919 260890 239494 311450 258726 254870 265950 242767 266082 261708 290828 246275 262419 285835 292128 250794 277440 241059 
207321 225677 221114 240773 225686 227656 230687 191160 230246 244623 239438 207254 230670 251354 217625 226422 234006 223643 237839 221037 216012 218015 266974 245717 235177 236022 245279 245731 228434 235181 250508 247082 244302 219990 242141 200268 227656 232817 236022 210290 240552 224965 237546 224047 222093 206485 221005 209823 226901 228383 229609 227108 214928 223891 236464 223323 220276 233991 241057 202773 251468 248588 250238 239154 251982 248848 229169 206308 219231 226605 222616 268871 198314 241946 239289 247637 232954 257332 238055 249205 234065 225294 233547 244937 230622 258295 233190 255572 232890 212990 234024 241580 250279 224497 233226 242605 255454 220919 236899 227055 
246591 239426 249838 251075 261110 252490 262204 210934 258173 257765 269149 257243 252283 256596 233522 247449 252261 252684 240922 250420 248371 247462 285633 259891 265403 264850 278496 250530 248473 246274 287013 260798 254233 246986 265982 245469 240085 241184 264054 225083 231941 243347 253910 241695 249308 223964 228024 238198 248818 244059 243373 251310 251816 240448 245168 241969 250578 245871 245192 228378 277457 273589 249869 249416 263651 262430 257600 238516 254535 263723 255918 283835 229681 255921 279818 248817 249970 285059 262537 245947 257986 221137 260915 250948 238839 295269 245160 265460 250172 230660 240860 265925 278607 263627 240923 293591 274164 228009 258250 258183 
224359 250734 233237 241706 264753 240520 241585 210739 252027 254390 262281 247324 221231 267321 238428 243873 244186 245829 252950 257540 258930 241891 276995 244976 265947 250774 252914 263123 260636 233714 283525 266170 255572 229740 267761 227633 245076 240200 257141 251710 225603 249880 243968 242012 229583 215019 248528 235723 237902 245923 225612 244723 229039 243195 238883 256229 253573 253189 252964 246767 262235 257250 255211 239593 275170 245326 260034 231216 247190 261499 238440 281481 231389 259784 276251 279514 268759 289023 256877 240264 246402 229901 260418 263595 232760 289516 237053 261512 262684 227200 250859 264085 271149 240385 261942 267126 260446 235435 270762 232578 
232625 258752 236866 255400 247497 265392 241940 212502 258254 269610 270859 239003 252059 271195 258131 251827 258189 256299 261908 255256 263474 254554 280995 273338 260318 255050 257890 275167 274132 249606 282416 257048 258264 235048 245479 223202 242352 254200 265694 224654 227186 264444 277200 258413 251821 240183 243702 236100 256729 255688 241350 279601 241126 255712 252006 239749 248847 249558 272633 236722 276063 261562 279065 248892 292270 264079 255572 249790 263439 232069 257236 276532 231213 279749 262992 282876 259704 285309 255841 260746 257284 230823 276678 254619 247154 297248 242916 264907 274224 248875 244616 260965 263190 246496 246295 269218 283999 236726 264611 258384 
198836 228088 222466 218011 242672 221708 226535 196141 226589 241875 238373 223859 234754 221757 224157 214530 240765 220798 224603 239800 242259 219143 257735 237877 256892 237727 242601 236159 244165 236485 265770 256368 243831 206508 241011 217004 243156 227741 248553 217123 222834 246107 247678 226996 235085 216494 245918 231990 241990 234214 232854 235197 219974 221683 219399 227278 217899 229824 214667 232058 255544 251842 254575 238832 264620 246087 223891 218298 249449 222032 229566 250563 209327 245412 270027 241228 243542 271079 237276 225571 228465 210598 244609 235096 222669 268205 239328 239063 248058 219212 231968 245899 239610 229401 248064 249583 251038 207414 236784 245892 
244914 277815 248667 282535 265442 282858 285467 212492 277104 261916 294566 270336 253680 280145 262033 279135 274770 283894 270864 271432 269255 272526 293550 283085 287943 265277 277811 285460 285918 269397 303444 298899 277927 271125 286421 249597 274765 270913 281084 266834 273642 270118 266874 271640 274737 243807 254441 242571 272009 270828 270424 273558 249226 264115 255283 261361 265922 254930 287006 248473 296123 300166 278747 279963 286945 281427 273792 237342 272144 252832 257925 309181 236141 289709 290734 285696 285309 310444 278638 276266 261321 265060 273214 277810 240832 306290 270967 290724 266280 251233 261450 274065 304724 255244 264159 307569 309853 260649 288437 266837 
219837 246129 236857 250603 251533 245183 239848 203537 257424 251023 273646 241949 249138 256102 230199 237551 247669 253714 238994 243363 242746 239488 275083 253727 245425 248275 259510 257894 256380 258483 268766 245747 254268 226269 255199 234703 233347 248137 251378 215438 228213 253088 252254 242432 241490 221928 222688 247803 242439 248008 245842 247899 255023 243566 231559 240359 232670 242327 245358 232093 268989 252679 262054 257680 268446 264172 253243 228108 251072 253546 246964 279951 237899 255670 260771 273865 257332 291126 245696 248906 250733 228145 264965 245635 226366 278819 240276 266431 252356 233808 243139 254073 276208 241023 238729 264419 274311 236154 256551 228751 
216717 260264 220830 256781 263094 243747 255135 210866 270167 238265 260736 236189 240648 274945 245626 237292 251412 249969 246280 262150 258744 246127 279586 260251 262717 258656 255769 270243 283863 250307 282584 260377 232645 238910 255730 226449 251939 254242 264488 244875 233253 255689 256862 237829 244962 241000 246143 234978 243272 250527 237688 260912 243330 245369 248832 253095 246551 239124 269169 233698 272516 270541 243421 242615 262436 256541 258794 220790 238355 245883 248022 282433 216428 257377 272400 254387 256595 278740 250434 240665 242278 233944 266137 241305 226521 280332 243483 279214 257290 233744 246270 253899 270007 244790 243519 277010 275079 251544 254019 250230 
202079 219376 197318 220147 227098 212321 211524 175607 220836 232901 236850 203084 216756 247718 221103 212402 228131 225490 210653 215571 211870 228318 251317 234086 225617 244628 229458 232814 223523 227622 252175 246460 222933 209216 233180 215189 219757 225327 233596 208954 213191 241471 237093 216238 229390 214652 220139 207369 220936 218357 223416 231518 222095 207087 234358 235177 211214 218796 240405 217645 252325 244736 235355 233893 238087 231591 244604 198651 226498 214862 220991 257254 212334 214023 249473 230555 232961 257751 217363 213484 221882 203834 230760 222473 210445 248676 225817 233581 223491 212169 220064 231150 249756 217241 222332 250886 234228 218585 234240 237100 
209907 234621 223069 224911 229673 217641 235848 180239 226296 236976 250684 224025 232741 237115 217252 225709 233774 231376 230460 223636 225947 221594 263816 243776 238740 227536 255077 234931 224060 224702 262685 248375 227773 224125 246200 221245 231092 225455 238921 233150 212147 228381 246899 227836 236259 218601 219978 234939 204634 233693 236847 229426 230838 219787 219921 239034 214973 217835 229812 209308 247447 229403 211419 238915 223866 255962 235768 195795 227316 221602 252010 269692 216496 238101 260075 239203 235963 275744 227641 237168 225292 203298 234239 225749 198521 256046 229568 238992 222108 219164 218808 234289 261276 221929 233748 234205 248715 227778 230724 246442 
221077 230663 234347 251689 252610 238052 259106 192856 254222 245054 267436 240342 230409 267377 238885 230525 264169 245291 235019 247854 243721 244902 283798 250481 246413 241688 242309 266310 263564 250298 301480 271548 248668 246192 252459 227137 236509 250579 250898 236145 236848 262412 260026 241062 250873 219615 234241 229479 228703 238552 236602 255900 228389 233844 250196 259874 221675 237042 263622 235426 274972 271514 258603 239216 270251 265181 255215 242879 249928 226024 248448 288587 227416 266534 277671 243360 248026 285880 243996 254075 234446 223050 256583 256652 224251 281983 251502 260494 258665 223646 237521 258245 257926 211707 257017 272243 270812 255744 262447 254115 
227702 242957 238429 236619 253537 261447 247264 212611 260122 247849 265244 251287 240742 249179 241646 230107 245642 254257 239436 249732 264141 246863 272178 253654 260734 247141 261968 267557 250477 244512 279814 268805 250187 224651 262312 223080 248459 242928 249615 242290 244311 245924 252684 248431 243325 218880 244787 251819 240066 255165 238960 240127 235552 232929 236094 228639 246806 237468 249268 230751 268223 266653 251129 264252 257555 249814 258590 230923 252246 242681 237681 270571 219947 267604 273781 261587 247323 276372 242585 245050 247295 231453 259263 240149 209591 273513 244399 266206 237190 223776 227378 258051 276825 248304 256421 260652 270735 238758 256895 250786 
192995 209370 221198 235459 220936 232397 217533 186222 230076 224975 251980 213745 217530 251856 202890 214454 207245 229851 209334 231505 217623 213594 257491 233307 229101 226732 245988 236834 232839 225915 249058 227951 231859 221526 225558 197505 237494 227855 219047 199923 224799 205854 236641 211070 201781 191584 206987 218031 210444 221331 233621 226919 211627 217099 224204 205745 205280 212710 227255 196271 237531 236169 223151 224332 235975 225812 227792 205353 219839 205191 227511 238494 186574 240340 244470 237714 223573 251329 235785 226454 221004 198633 220981 215191 214610 260180 231890 235320 236298 227792 220385 234986 229553 217230 220675 243110 250743 199947 226671 221254 
233273 270343 250329 273242 272624 264173 263727 208536 264029 277680 300977 263684 267865 270296 255385 270337 266094 273055 260427 257548 268768 258216 294909 267000 275227 259622 284386 286074 276430 271751 303078 278469 271093 245830 287304 232390 251145 261165 280095 248478 257009 269287 270155 260347 258079 228234 259128 262378 246414 256254 258841 266206 247052 272086 251822 259602 265082 267311 276651 252137 280368 283429 269458 260891 271761 272179 284906 243006 256398 239456 256403 305639 246505 270092 293175 277841 270705 297481 271288 258548 251335 237090 284463 253210 241952 309540 274543 287428 269017 235074 256931 272954 296406 261051 258765 283263 296026 270490 270051 261157 
230673 251293 247972 249982 254900 253261 259304 222005 260735 260715 273316 248044 257777 275014 252987 224965 247559 251674 255146 259463 245818 255813 296650 273742 262648 265229 273899 263753 250669 250449 280160 271704 262561 248364 255754 243278 257203 265957 267545 244242 262106 249263 255808 253611 247160 222700 239719 260365 251310 264236 251250 254934 249535 242704 249553 253229 239192 264021 253864 237167 284840 276882 264309 256014 285011 261445 252683 231319 264629 245912 261002 277856 242098 256811 282100 277894 268229 282953 260841 255052 258827 224689 267603 260979 240817 298099 250931 287965 250748 234668 272142 272197 276365 254374 261251 281248 288145 246257 269204 254294 
211330 219457 212493 230515 244102 244266 239358 194168 248795 217061 245854 210207 232068 244621 221011 235860 244606 236280 225421 218740 224339 216188 247426 234265 241534 225545 230224 244104 227582 237991 263833 254333 215833 222182 230853 219673 228007 224078 232822 213023 220174 241481 225435 227444 229031 215846 211561 218804 229094 232503 225302 234116 229051 219499 225916 226035 222728 224608 225608 195204 248670 248742 226501 230234 251120 249284 231065 201924 228520 227100 218430 260579 221560 232467 248725 236455 232766 273036 236649 242655 213221 214968 237316 242339 214074 272801 221785 249760 233124 217913 209366 237146 254139 217287 223542 254652 261721 235094 242016 220843 
246025 260963 243280 281968 265541 260485 271300 224770 278927 259365 281052 255914 260020 280384 266659 250239 271477 256687 256037 274120 273522 250974 290950 269384 271033 271907 268638 276540 280162 260169 292682 268483 257602 257316 275833 258947 255003 252849 278026 222985 254841 277217 275608 269751 258241 245851 256990 249936 268592 274891 264158 283186 255512 259354 268405 259505 263157 258975 275974 234712 301670 293381 276101 257411 290077 263240 270465 242224 260668 259129 274915 298039 240923 271761 273705 269853 268623 299054 278949 261357 262421 231400 284111 264484 254775 316773 269276 280024 267468 249802 258763 273690 283344 269131 247166 297823 285358 253930 273946 275756 
206539 236554 225264 238274 239243 238731 245111 203693 247995 233186 251015 224762 232652 241589 225467 226924 243871 230543 234436 233828 243852 226633 262937 240988 244356 236637 235165 256186 241078 238616 261399 273882 230880 227409 232978 214753 226712 236284 236532 225148 234305 230519 241920 229885 229492 221624 226686 214743 230788 241724 226515 231373 210017 227193 229290 235886 233000 229666 234718 227131 261365 250662 246128 243033 271397 255829 241131 221339 229781 218414 235373 264609 199313 234340 258231 233313 238646 275181 222123 227914 227519 208634 248552 235116 210985 278313 230177 253945 233022 218581 227074 242732 257648 221432 229169 263265 251719 236970 238365 240551 
232137 257297 234789 264815 268243 244167 251521 216942 263483 281953 278604 262712 254407 264256 251454 236298 249705 258886 256283 254440 264158 261969 284903 268182 266831 261970 271726 266840 275895 254894 294270 263687 260154 232440 271991 234595 243015 273287 266124 229228 248132 254599 258706 244707 245182 218342 246604 246849 246359 251140 253031 260608 229486 240139 259683 251739 239976 255711 270144 247094 291838 279488 261828 267436 281217 265044 274104 234243 259373 261202 242629 302231 239221 272039 283103 282644 255427 290645 264616 254473 262342 238058 275314 254905 236624 278591 259728 274956 258920 229939 251491 266030 275438 263473 261406 280515 288362 231252 261931 247547 
204901 246564 222523 249064 231527 227068 237405 198384 257993 256705 253155 223065 230588 249870 229739 226810 228190 248381 222936 246814 236294 234971 263243 240335 250356 246358 257357 255274 232368 228620 275451 246422 253090 216914 244063 236093 244194 215764 251354 218613 228448 240332 243311 235349 222287 215281 219485 242964 228338 242706 246230 240679 235797 230760 224951 248191 241876 226299 251086 223422 260289 255685 255405 256945 247239 235010 236075 198174 247153 246485 233655 275110 225931 237903 273557 265537 251431 281089 260883 221942 226999 225220 259340 246716 220408 290315 230582 248554 242206 220513 235271 244553 271821 240654 231600 260532 262645 232921 244060 223628 
222390 238169 237166 263831 244429 234835 243387 186975 251325 244869 253237 232202 252455 257453 232585 247575 238679 247490 241515 244916 236155 242366 267549 237185 242713 247160 242998 254376 245592 253161 277208 248591 240085 230835 252936 225712 244043 232208 254993 218855 229698 246528 249906 236783 239130 218510 233155 219175 233088 242092 228413 243275 233751 243022 242285 230293 245102 236822 264420 225949 259016 252071 240587 242731 236456 253662 237018 215657 251122 230656 245616 269122 211012 250894 280578 241951 239944 269598 248560 239787 229810 218693 243622 248033 220046 284800 226657 265374 258717 212591 233703 263382 258116 235012 246713 268854 276654 239936 257495 244786 
203973 233645 228665 235780 241716 231723 240035 203243 257491 235191 252652 216302 238480 242664 236306 243642 247032 231424 228809 236844 246166 219882 257486 257006 240292 238840 227661 250539 252598 226781 274726 249483 248128 234366 232161 218974 243070 236849 259076 221081 222450 229204 249271 232884 248571 223911 225172 237870 223171 246663 236391 244970 235956 232794 243683 259109 235234 232829 237267 224989 270025 261337 255097 231279 270618 254199 254588 224166 241342 239255 239905 270424 226093 251034 248533 246553 248856 285016 239778 232702 237214 215882 257814 254147 221844 275275 239439 245196 266201 229376 230084 257720 263729 239503 234748 258666 262403 242226 234586 234688 
225189 235472 233913 230577 249163 263736 259869 218660 259654 240873 255387 237948 244071 257661 245180 238178 251548 249096 249875 247768 262916 245694 271265 248924 251546 252017 243532 271933 256910 244504 277750 249912 245680 241860 256272 227199 242107 241386 255381 236996 238808 246119 252561 242841 236439 228585 224312 229997 257850 247838 230348 258844 223590 235186 243212 250829 246296 243906 261925 220804 273037 269246 244870 258807 267911 248184 255379 225049 247744 245450 232462 278814 227053 264465 269227 260191 255727 287933 256193 261351 232775 225421 253196 243957 229493 279421 247819 278921 246821 236969 229253 264544 261341 233539 258644 273610 259340 234880 253624 253892 
228393 231597 239758 241081 244996 234615 242516 220657 249391 257302 257821 229512 234366 260771 221439 240021 252462 245877 239932 239232 245011 221142 291490 231043 249983 248812 261666 260396 277671 251181 291242 246009 242798 240015 246737 215102 237431 237597 264338 228761 235948 259844 253589 233200 227499 224703 226371 245296 238909 237903 239977 254763 230680 240350 234050 249313 235553 248660 262702 224216 270516 268565 252420 224628 271398 254229 244130 225295 260258 245731 234043 278575 216914 255273 285571 261803 257572 278424 252751 248432 237179 234252 251213 243515 237687 287496 236641 268896 253556 232425 238511 251713 250935 230657 247217 264265 278868 246376 254025 242594 
216509 252596 241175 255297 229759 229414 236564 197534 249186 247883 268454 238025 239171 253264 241854 241259 248349 228544 237154 235944 249110 252299 301142 246913 240956 249751 243228 250145 257911 256559 279266 262068 260797 221157 250092 216510 249797 244664 254800 216383 244095 252302 264478 239592 251867 222899 231386 234095 233154 233952 238086 236582 207317 233150 256011 234272 231961 232298 249934 242370 259565 270860 251806 249960 269127 256701 233692 239661 233848 238682 242957 288221 211687 245364 276911 251247 245663 271239 235757 249120 235545 234605 261965 271983 232665 293958 247256 262727 260065 222235 236948 272158 273526 237288 247846 258146 272367 222967 255543 248417 
244383 268790 263120 270006 302487 277655 282823 224878 288238 282168 293566 278191 284079 308825 268202 268919 262889 274406 276718 276915 284120 274464 304931 295015 292490 284888 281445 281867 289008 276788 306454 299987 272702 267916 291241 263290 272983 272100 275524 256275 272810 277372 291350 277577 292409 237402 270147 268709 280721 272544 263809 280095 271907 263092 273455 267049 274667 263922 281142 260996 298686 294671 283256 293054 303753 302218 273082 249293 289225 266507 270510 307793 249289 284771 298157 294906 279298 316858 283833 264832 281807 249362 283589 286815 250212 336113 265240 295253 286179 258859 277199 290012 324371 266927 272940 313131 304437 269180 290323 281239 
231535 252558 239284 250534 270026 248425 258637 236476 258688 263049 273912 259076 246714 274027 260189 254888 266556 265294 265071 261254 263771 246096 280454 278818 276410 266631 271084 268044 265303 253787 292951 276440 254242 245038 281082 242451 275016 263314 286411 248860 256206 260709 264145 253984 254224 232349 260463 254649 254752 258412 249362 258964 258427 239076 256565 258499 254221 253002 264881 240428 281799 286719 260039 257835 287648 254621 255110 239084 255051 263225 261003 286967 239043 256443 296807 264802 274220 294963 279220 245578 257724 237726 271689 271169 242208 306450 248122 269108 265276 240468 279806 262946 280757 257118 275773 294164 280458 239717 273606 258023 
255707 267993 271217 281140 287082 274404 290520 230555 283035 280575 314360 277075 280129 302693 263000 281970 298724 274947 269285 281299 291395 285136 310455 277419 301533 292248 280330 298102 294498 297026 323706 314528 278993 275167 297528 258255 289513 284319 297951 267668 290910 288535 288325 281844 285924 258969 277995 271028 272536 281963 268568 284658 278853 286974 289071 287944 259827 276684 281378 269512 306745 300936 288491 280907 307684 299171 277961 274722 292725 269001 286522 316351 263191 285672 307459 302921 293915 335307 279639 283005 270468 261998 283482 300467 257758 323986 285285 307909 293534 252620 278220 299039 312507 265742 284253 304799 307248 288893 286706 298880 
232778 223269 228951 224476 234528 232513 220379 188666 232428 237290 242334 217733 224954 242448 219482 224146 214589 240624 213910 223344 224667 226451 248558 238131 249027 237275 231903 237515 227676 214902 252096 236026 229213 209038 232638 221107 228583 235955 234001 227329 220729 223579 220845 232220 214310 209347 207433 212333 214256 242147 209825 223222 224550 238024 224908 198332 217553 217850 238211 210024 241322 218206 236643 227744 225381 236276 241694 206667 241157 227520 235264 248313 217179 251555 240350 246976 225305 268734 232873 226477 227135 217162 239537 218042 215589 260412 222856 248699 231953 227218 225652 248688 244068 222623 219325 250068 263944 212373 230378 235006 
196528 208857 196806 220846 207604 203138 208673 182952 215145 208669 218837 204367 200807 239496 216003 211797 214567 221985 207699 212040 220563 209180 252510 231795 208213 210362 223223 220788 213532 213341 239390 236789 207486 209432 225012 197099 226598 219975 241272 198349 203067 219902 227384 200953 205909 206071 209002 197399 218008 225976 193176 221670 197614 192005 211453 210595 203386 221449 216055 190503 245735 232426 202912 214096 235294 207297 232463 198600 207274 206155 222735 256941 183417 205068 251609 199725 224396 229583 197091 208630 214197 187633 225951 205944 196018 254945 214026 227908 215770 210523 212136 228365 231564 213218 219828 225346 221373 203170 221735 226919 
216156 228955 234941 247255 246795 253022 248572 208728 248925 255475 270236 243806 244523 265392 231036 233832 248822 253228 250312 263292 248220 231788 262887 263822 254770 263294 257534 253116 262062 252833 289104 266242 241284 236786 268314 240239 249839 255919 254310 243130 252384 251390 262265 249041 246615 210180 230767 227666 238629 263261 232974 253729 245646 242780 247494 246205 223307 256573 258286 215726 273205 277058 243734 247734 259476 255312 250114 217769 243657 239777 255812 276205 224161 254799 264219 264443 257788 288079 250124 237914 248675 225348 268968 253187 230622 277827 254741 271716 251826 231838 239170 251878 255814 244092 248326 273516 270462 235246 253296 246408 
206515 222621 214158 230880 211203 214470 219270 169005 225121 232208 237686 212656 219669 247148 210718 218040 226930 215137 218148 213077 194464 221172 237039 226980 228703 233945 223560 222772 217121 229963 242046 232815 230215 207056 229916 206990 215550 213300 230645 194088 223332 213667 231979 228306 229551 181381 207086 180492 207109 225623 216666 205187 218126 217694 224198 228680 216741 219788 222855 202898 240148 223625 232922 228430 240492 230844 225467 205798 211809 205348 236701 249388 200408 227494 226788 239754 216874 261934 223166 206591 217433 193709 234941 228354 212298 251503 205850 234871 219905 201818 207040 231691 242749 210363 221600 247692 250040 207276 213478 227139 
223490 249123 240006 256538 280643 258150 260043 213098 262854 249886 279560 254126 250659 268473 254488 253054 258962 258271 248154 266164 255395 254304 276167 269708 271418 266649 263221 272037 278491 262579 282975 280051 259969 239188 263154 236669 252214 274230 262689 249042 242925 267221 256950 246224 239787 234229 248964 254431 244587 264764 245921 267601 266195 261951 244739 244765 241258 261559 252736 245496 288589 266796 263358 253490 284111 267062 253747 227311 262263 247082 246292 277017 232140 274739 272124 271629 277074 289083 259230 247938 254979 231995 265289 258008 231432 280877 249200 277775 261079 232427 275638 273223 273129 247075 257093 275580 282145 276385 272529 250222 
237250 239552 242179 244897 257746 248361 248409 193247 267239 233728 252496 225677 240730 264615 240790 231901 248352 249571 241208 254277 245820 236739 280079 266274 246302 244644 247467 264298 249564 235136 269622 267024 265486 240863 251992 239919 248975 236420 256619 228064 229017 243680 254889 243171 247910 213303 233864 224112 249224 245173 240541 269683 243246 237982 231165 237022 240072 235083 259623 229517 257323 257936 245172 252061 257948 270541 247767 222902 241485 229398 269091 276189 229866 255484 262784 245594 265720 282946 248249 244103 244148 219584 268334 259323 228866 292024 238164 262139 266506 227953 231676 260940 253651 227985 248885 279252 286366 228199 251822 251074 
218915 244434 235135 238850 245243 233467 239201 195943 247168 253324 254920 234854 241741 259151 250052 226547 246074 238127 242130 252528 244088 241378 279732 255160 247928 250533 262839 268950 266146 233109 276140 268636 263377 229331 257065 223176 245064 248775 253888 237491 238169 254079 257837 248355 236039 230722 239449 237101 238737 237510 233278 264980 237108 236711 240430 230014 230014 241437 262633 229336 271910 259981 249703 247625 265535 261111 244696 213759 253448 230703 248531 277336 216554 246931 274844 258798 257505 264822 237429 245197 244841 228435 258512 241302 223789 279484 242280 264560 249001 224991 248699 255117 245136 249112 252867 273337 278923 237336 254239 259871 
205934 230453 212061 242501 226857 233441 253404 194186 228773 240407 240543 245642 221902 241556 228436 223750 251545 230301 230864 239806 224997 225847 270196 233627 237910 237260 242031 251370 230903 233723 263383 237569 241739 220045 228589 205748 225537 233526 252339 221006 231568 221484 232453 218951 233397 223746 220939 225556 223435 240370 227999 234242 223510 212296 228899 232876 231691 230223 247616 210649 269365 243701 227649 238728 239722 235735 237613 217868 232534 227667 242363 277424 214524 238687 260680 229900 232145 263927 247705 235805 217259 207924 233381 225377 213150 261347 213925 244188 220768 212017 248355 232759 253985 220407 243340 255260 252380 239260 240917 225010 
223431 249044 233335 262129 244951 241845 250956 205282 239837 248077 257171 242976 251231 274087 251031 253413 251082 252056 251887 256711 249247 250777 285917 259870 240007 245726 273190 258582 248004 245121 277345 268210 260542 238900 264755 241717 249907 246007 261774 247858 238123 248236 254747 236230 238947 228019 238971 238352 243616 231923 232195 249799 244022 233782 242680 244306 246218 241604 266790 224026 280124 263721 258099 248071 273483 247958 248474 224459 256657 225147 249207 284145 217201 263819 265808 243754 262632 270411 252050 258395 240702 226151 247189 246889 236954 271916 241993 269806 248769 240292 242307 265472 268242 241268 252427 280066 274522 244013 274024 240973 
238744 243341 240217 249891 262676 239282 260639 206913 265006 263777 272952 251829 233915 269742 246265 243380 261712 235357 242211 251746 254325 261473 288743 254709 270022 264810 277969 254193 271188 257796 280944 270632 260528 235938 271403 243733 265977 264768 277182 225911 254793 260701 271446 243215 262406 220763 257132 262491 245633 239226 254734 259069 249598 239944 250413 246124 252811 250151 262891 240130 288131 273559 273452 267264 290149 261195 252278 239673 268110 256654 257731 280371 228552 264999 275319 247504 258593 280738 248735 249438 247547 237338 251734 256175 245635 296373 244583 266865 255165 231355 250272 255180 264056 246274 265649 270090 298764 245665 262263 255787 
200008 212091 220173 254459 224662 229591 234906 181685 223192 240926 237780 218658 219960 238842 207414 227492 229420 229363 218454 217962 222326 217985 252002 220787 229599 234526 237095 234956 223915 223721 257758 258345 230639 221707 231273 206672 232247 212832 227827 210793 228678 227562 239925 244567 217173 234559 211095 211514 223459 242366 221742 237998 216316 225521 220236 223578 212241 214215 237748 202060 248975 241540 225854 229819 224618 230943 217692 207944 224909 206574 226072 266194 201703 227744 248629 246360 227488 261305 237176 223711 214919 213567 236487 239048 206280 255198 216598 240850 219856 212883 228175 232294 255409 236531 212744 252661 234810 230183 252224 241037 
180736 203564 194585 200584 207082 211753 208998 178595 208578 201167 214518 196609 196827 221440 205427 201259 204808 201474 214434 210727 224989 204195 221118 216027 217330 210265 212056 209865 233957 205535 223034 224577 194334 202659 209608 190995 198572 212870 215785 201992 212838 218947 201141 199852 205258 183675 203224 202960 212942 197868 192441 218066 175473 201825 218100 198175 202091 204610 205411 205005 227424 222606 219247 191726 242916 207347 213049 199233 211449 189553 191502 230981 189372 195000 212201 224381 218050 232506 214418 203285 220670 189502 211050 199417 198022 241273 201965 229670 226679 198694 210342 216277 220186 217311 213706 229275 220438 193882 216840 221494 
221993 233805 219829 246199 232824 256990 243351 201440 258758 253321 259335 235041 243711 246095 248771 232420 253416 251535 232325 228891 250872 238368 260252 250701 254853 237884 243843 266183 244491 228104 273243 245159 238006 226101 243045 225486 217647 234748 245303 231698 239182 246647 244425 242609 236477 223282 230084 225363 240250 248453 249157 224916 215441 224031 230005 231864 221938 239649 266838 217870 255171 267302 242791 250937 264263 249137 251889 213900 238151 229853 237232 277653 231754 265358 254885 250931 237100 275375 244163 264621 235703 215655 240900 237875 211772 281686 252250 253071 247504 226427 225278 252556 263281 220817 239549 265010 280418 236567 248552 228333 
232976 238214 241877 271128 228539 249186 261243 201360 250765 243456 254334 228919 234477 294293 236375 238554 263739 255201 240601 256478 233086 250344 272522 260987 251443 244982 274178 269918 248365 250152 278782 274121 254806 249235 252429 253476 269024 243750 262204 237834 250814 256640 242596 246244 247174 229743 227250 222051 245356 234747 230233 251547 262994 245312 253052 241081 247527 244527 272210 226587 276818 255826 255245 254191 267427 243140 245003 231077 259812 237192 248406 285562 221471 264765 275809 260028 261177 280275 275121 249458 235193 232779 252199 244257 229083 283523 238487 281189 261085 234365 252017 262252 270461 252618 252789 292459 290880 246746 245237 246408 
214541 216451 214597 220110 241042 235459 230603 201593 242562 237637 246817 228750 222958 257375 234892 202773 237621 229419 231302 215608 241514 226493 250561 239231 232728 237577 233571 237959 221741 215526 257347 243767 232042 225494 230682 222295 231036 235155 239253 217644 217638 214449 260591 205894 228113 209936 232025 206729 221046 233561 217199 235644 208596 198984 230935 234644 213348 223841 241639 210445 263094 261836 238772 236670 271391 233459 237438 221610 228715 233194 227115 254865 226330 251669 250329 235022 242102 265734 212276 232189 228541 208699 250508 236392 220846 270239 221093 242620 239807 216517 223577 236091 243243 211076 230726 253954 253253 218530 230121 227591 
215217 232027 232542 251701 245897 239147 245241 205687 248054 262258 255226 229911 240279 251247 231869 232113 244644 247672 236447 235390 221983 252034 259995 252176 268456 257872 248415 243797 241231 246932 268738 259215 244421 221116 246343 233264 254700 239627 257954 220824 233829 241291 238264 216618 227634 222919 225933 234166 241085 231033 238620 249660 227124 230387 229241 246042 237545 232734 240490 214102 267113 262989 246684 240154 261905 234915 252491 230903 264816 221685 240948 273045 224097 251140 276247 268027 246240 272612 246522 233111 240941 221134 255813 247213 220121 276136 256469 269525 246966 222815 246516 253984 259282 246220 251408 258507 260792 236476 240214 239115 
