0 43 15 74 96 54 91 34 87 2 99 7 90 2 9 37 63 71 99 98 1 58 64 90 38 78 23 9 95 53 30 86 86 91 8 84 96 68 23 45 91 46 66 9 3 16 43 52 16 8 98 81 61 22 27 98 58 41 77 80 12 12 48 7 58 29 98 70 91 69 0 52 81 89 37 92 20 50 33 10 31 25 95 64 4 37 8 25 47 64 49 18 3 89 23 85 36 73 57 95 
61 51 11 34 9 63 6 49 2 94 15 44 62 70 72 26 27 36 42 90 70 22 6 42 78 77 61 67 40 1 58 56 50 93 5 11 47 91 11 85 70 15 68 44 99 24 73 92 56 64 92 33 78 47 7 37 78 3 13 59 91 28 17 59 84 53 78 26 91 30 43 5 76 86 63 45 9 55 99 15 97 56 24 43 3 95 87 24 50 80 63 65 0 1 15 86 3 96 67 72 
64 6 11 62 3 17 61 42 59 42 28 28 20 37 57 95 0 18 73 7 58 72 39 45 89 64 51 46 47 48 45 70 79 67 50 17 95 38 95 42 93 67 51 18 45 83 47 9 90 48 0 0 69 31 7 1 46 40 65 8 24 84 82 93 92 37 89 89 93 64 56 91 17 57 76 52 28 99 66 46 29 83 23 99 32 7 8 94 53 28 84 21 11 21 49 53 7 2 88 82 
88 56 57 49 68 94 31 54 47 1 86 78 9 11 37 6 79 33 5 80 89 68 14 48 55 84 30 64 54 90 74 10 29 38 75 11 87 34 57 9 63 28 89 84 60 32 80 20 13 80 1 33 53 65 58 50 10 79 73 66 37 42 22 26 38 1 98 10 38 79 82 15 1 66 80 18 71 8 46 3 23 35 87 9 63 12 35 87 39 59 46 38 8 18 52 54 98 32 17 95 
5 78 27 77 14 40 95 63 58 30 77 59 60 75 60 15 10 80 19 41 50 81 21 7 38 50 5 49 35 81 93 43 21 58 26 53 68 37 81 17 28 14 87 8 55 66 69 64 3 42 71 25 56 62 68 14 22 27 3 72 89 41 32 80 82 3 39 45 48 77 89 38 18 75 47 43 46 11 75 8 19 69 37 40 82 57 2 50 27 57 47 97 63 93 68 8 90 13 86 56 
48 63 72 49 9 45 32 27 91 33 72 97 52 13 42 1 29 13 88 9 73 7 63 45 26 81 51 37 85 79 65 63 16 67 92 62 10 19 78 80 1 65 73 4 19 31 89 28 63 74 8 47 17 55 65 86 67 15 53 20 99 13 16 17 12 48 6 31 4 39 79 83 39 46 93 27 96 35 23 59 98 92 25 58 39 2 35 38 63 18 39 91 76 77 25 2 78 37 6 43 
85 73 9 51 33 7 37 60 12 64 47 18 82 33 83 34 0 96 8 57 33 81 32 2 19 43 9 23 66 37 96 8 90 59 11 98 50 51 83 44 41 67 4 43 70 95 73 16 27 85 13 15 73 79 30 88 54 66 33 68 48 22 61 94 66 23 10 85 98 20 13 13 40 58 51 78 23 86 89 81 17 25 37 90 65 43 7 53 19 7 70 33 28 22 69 43 94 51 41 44 
30 51 35 63 64 73 3 6 43 43 3 66 60 55 85 71 46 3 41 83 55 16 89 58 50 88 71 58 87 30 2 28 65 40 59 90 14 55 89 41 99 60 93 13 31 90 79 47 3 3 12 55 75 74 34 56 18 66 48 6 8 71 98 47 73 32 41 21 14 90 15 69 5 6 42 22 92 23 51 12 86 27 21 97 4 40 99 72 36 3 24 80 42 41 7 53 10 10 16 43 
59 66 33 81 57 58 17 83 25 67 60 87 97 40 14 17 79 54 87 16 30 87 27 17 33 48 88 22 86 89 34 57 55 88 34 58 89 81 46 11 13 28 79 81 24 14 70 75 84 93 24 86 27 82 84 69 94 99 50 47 20 96 0 38 30 40 16 24 14 39 49 94 37 88 67 75 20 5 96 4 46 0 37 44 10 35 94 6 97 7 29 22 77 87 67 38 32 47 81 21 
17 2 29 32 23 98 62 42 32 6 65 60 93 48 32 92 70 49 72 2 44 74 28 15 15 45 83 82 80 64 95 60 42 7 26 43 45 69 50 69 6 98 43 66 67 29 93 21 2 17 57 39 31 32 65 50 32 35 44 92 43 12 45 49 93 74 46 54 13 82 51 19 34 7 70 61 2 27 90 79 97 2 92 19 57 26 1 28 3 1 48 8 86 96 78 55 54 37 86 79 
73 88 78 38 58 88 86 55 6 19 14 63 23 63 51 95 0 28 84 62 22 96 3 15 10 33 28 27 32 87 26 28 23 41 76 82 49 70 11 57 35 2 64 59 93 16 91 32 9 28 31 33 21 1 71 46 50 80 73 69 61 37 72 53 15 65 78 54 59 4 81 58 23 43 79 19 84 44 53 44 66 65 11 80 87 7 98 40 3 21 76 57 19 63 12 58 87 73 61 47 
2 23 97 46 92 57 49 69 94 50 66 92 25 69 89 49 49 37 18 98 46 76 21 89 46 40 24 84 92 48 75 68 71 41 42 23 94 54 91 42 82 62 85 46 95 43 1 42 5 29 37 43 81 37 79 26 86 56 40 63 28 32 29 1 26 55 56 97 93 7 78 32 21 28 3 36 62 42 24 25 69 49 33 78 6 50 10 74 39 2 41 99 93 62 56 60 77 32 85 80 
37 73 53 31 47 47 15 9 58 36 89 43 24 22 51 63 2 14 48 17 66 31 53 91 77 49 66 89 28 27 29 77 43 72 9 32 27 78 11 71 26 80 28 60 97 61 5 26 99 58 93 86 0 47 73 89 31 10 89 41 67 44 26 29 95 4 29 53 90 51 34 1 31 47 5 8 74 17 87 77 67 43 59 76 89 22 1 24 5 66 81 96 94 0 31 38 63 76 37 54 
21 14 47 58 38 68 68 45 76 33 47 47 73 97 88 47 0 26 3 53 75 89 91 24 17 94 62 38 71 19 38 63 2 34 57 32 28 96 85 32 33 6 5 15 82 42 72 89 68 67 60 79 72 63 30 19 4 90 69 45 28 58 99 54 30 25 5 39 63 43 22 80 75 30 76 97 94 31 22 27 85 1 67 74 41 97 72 38 70 92 68 69 21 27 67 99 16 41 56 86 
25 97 98 46 80 90 98 94 52 27 42 16 13 99 89 4 64 60 45 59 28 34 94 4 22 1 19 98 60 29 10 85 91 56 73 46 80 59 10 48 45 77 33 33 39 85 19 90 58 58 89 91 16 11 42 8 99 44 63 9 96 16 36 40 84 51 12 53 62 70 79 50 49 67 66 24 65 78 25 23 59 46 92 71 52 68 60 85 31 62 52 15 49 86 25 77 43 51 45 5 
20 49 77 62 86 66 87 73 6 61 55 34 32 23 11 56 67 74 25 53 16 0 54 15 97 45 5 48 73 80 5 60 53 62 61 79 46 97 46 3 10 21 21 53 9 27 49 94 33 75 47 85 23 98 84 73 39 6 93 39 59 90 94 23 37 75 32 90 62 17 75 45 57 96 54 75 57 29 84 88 88 97 52 28 63 24 3 99 63 82 57 47 11 44 32 17 83 63 95 46 
93 30 59 47 4 6 30 44 16 39 18 55 74 55 66 56 18 51 13 7 81 73 57 38 29 74 9 18 32 6 89 33 71 28 79 53 64 62 34 6 13 22 9 77 39 88 83 6 13 77 85 69 68 99 93 70 24 27 73 47 17 83 46 11 85 45 62 4 1 33 62 24 45 23 42 44 37 16 57 34 94 29 96 48 14 9 29 76 97 67 53 46 53 28 3 79 18 47 37 46 
1 16 5 22 92 92 68 85 29 23 92 50 52 97 54 95 58 3 74 36 60 95 27 4 41 0 11 18 24 79 85 90 22 57 93 71 39 90 76 18 81 52 99 96 13 46 71 93 82 12 0 39 40 41 29 63 17 70 80 91 33 1 23 51 96 88 40 58 62 66 81 58 73 31 4 88 5 60 53 81 70 89 50 82 58 22 94 37 27 92 0 74 23 86 87 51 85 56 93 87 
46 65 58 27 78 42 93 9 58 14 35 69 77 19 23 50 56 99 4 69 24 18 41 55 74 69 54 44 86 88 63 10 75 62 54 8 91 26 37 16 40 40 7 11 23 81 72 73 49 32 90 85 94 81 38 84 73 84 82 33 79 62 72 57 83 50 94 1 83 59 24 86 88 59 11 19 47 45 1 48 1 72 74 95 76 59 51 11 67 12 25 90 88 81 84 8 3 40 74 85 
59 94 70 69 87 6 48 96 5 74 95 20 35 95 60 67 80 54 60 10 28 55 50 66 49 21 77 25 1 36 14 6 20 55 31 26 37 43 75 32 4 34 86 44 52 10 14 14 4 9 58 34 95 59 41 10 36 93 62 90 50 25 63 55 20 61 53 66 53 51 6 14 15 11 34 15 37 45 34 30 81 50 11 18 66 23 32 37 4 83 90 46 73 15 4 71 22 4 30 2 
68 45 75 10 22 6 62 51 66 41 38 62 48 45 88 64 71 74 8 33 31 36 20 65 49 39 51 75 11 84 83 30 32 22 32 5 44 25 25 85 11 96 24 21 71 77 39 86 29 2 76 63 50 91 79 60 64 96 15 55 72 73 43 27 99 32 54 24 61 64 89 51 6 19 95 89 37 20 95 96 96 97 30 18 36 60 75 65 38 46 90 52 64 12 58 0 97 70 0 87 
97 2 19 31 63 14 74 22 11 88 21 60 19 3 85 14 72 68 60 66 22 75 55 47 37 46 36 41 65 1 91 78 37 83 81 60 3 42 55 61 58 37 62 48 59 12 57 99 83 48 20 34 64 28 29 59 17 91 41 39 40 23 33 43 39 50 16 74 10 42 67 63 70 5 73 61 46 76 3 32 69 1 66 40 84 86 13 84 33 58 64 3 52 93 20 21 49 72 46 99 
2 51 11 5 85 57 18 23 83 25 30 1 60 79 23 99 32 29 82 87 67 3 99 29 46 79 80 32 88 10 52 3 98 17 54 60 91 86 29 49 48 35 77 71 81 66 0 27 70 35 49 95 66 79 99 36 18 93 31 79 31 23 5 63 79 84 32 41 16 35 68 53 4 72 84 10 59 52 65 77 1 32 19 27 59 18 94 75 9 4 24 62 62 74 46 22 5 95 18 88 
0 79 40 85 40 86 37 47 96 12 5 82 40 40 3 67 79 88 72 13 59 89 64 87 43 11 17 35 28 92 16 75 68 14 30 46 22 2 32 73 34 15 55 3 7 87 81 63 3 99 68 88 41 19 49 60 88 2 33 13 69 21 69 57 40 11 96 62 49 0 5 41 43 79 52 1 89 43 45 85 71 0 73 58 76 83 40 48 19 74 3 99 62 82 31 27 16 53 71 39 
10 1 99 3 19 91 92 29 85 40 73 19 90 24 86 47 52 30 30 38 40 66 18 11 24 78 92 39 94 47 30 46 61 31 5 2 91 21 70 4 34 53 45 17 79 39 31 89 46 55 42 52 39 28 20 62 10 8 49 5 27 13 20 75 45 86 7 5 80 79 80 14 16 81 23 26 88 43 41 20 46 98 84 25 55 69 53 98 65 60 29 15 61 19 40 69 67 57 98 39 
81 11 86 98 24 6 27 73 69 7 77 56 19 92 83 23 29 88 51 93 16 72 18 98 33 42 62 89 98 55 29 5 87 1 9 51 63 82 2 25 88 30 53 30 95 50 50 26 99 59 53 70 6 75 47 59 72 91 74 6 62 55 67 18 23 98 23 80 85 27 38 99 44 48 12 63 11 14 7 32 59 0 74 40 52 73 24 48 80 2 19 51 22 79 56 10 95 67 47 43 
42 33 87 86 4 75 89 92 59 92 44 40 23 47 54 89 64 6 94 10 1 0 65 16 25 88 95 42 96 59 36 31 59 98 57 6 87 85 58 58 20 37 23 89 57 9 13 9 87 49 11 60 81 8 51 46 1 7 52 27 47 41 15 88 54 68 49 33 28 7 5 3 9 74 76 38 57 60 81 86 12 9 36 80 72 71 68 50 20 53 95 51 42 48 36 31 40 99 78 90 
55 16 77 48 95 62 49 8 61 79 65 31 10 98 33 30 72 31 74 51 49 97 86 88 37 81 68 11 63 63 21 44 2 25 40 39 16 5 43 52 61 37 45 74 86 90 91 96 38 67 55 36 38 53 24 82 66 96 95 12 99 98 53 93 6 31 9 92 78 28 36 3 82 88 10 96 19 85 14 10 71 50 74 98 83 8 48 54 97 55 46 16 16 52 64 79 43 53 67 43 
77 42 88 3 74 30 97 46 82 56 17 37 65 26 94 71 90 4 0 43 84 84 31 76 37 18 52 14 0 96 18 51 47 4 80 52 36 99 76 73 37 71 2 90 10 44 30 7 17 56 24 25 1 23 4 71 75 33 94 23 35 21 7 91 71 93 98 47 89 53 50 30 18 31 72 7 9 70 26 26 59 45 55 82 44 33 97 54 82 5 62 65 80 98 57 9 25 75 18 70 
7 17 78 63 93 60 29 2 61 13 76 6 73 90 40 33 30 96 17 21 22 66 79 98 57 96 45 59 95 75 16 43 3 42 43 34 70 25 1 57 55 88 59 46 14 82 90 85 6 90 96 11 64 92 32 84 27 68 51 77 44 34 31 32 31 62 3 29 79 2 36 6 71 47 39 11 87 0 32 77 56 0 8 22 98 19 42 74 44 58 73 96 46 29 95 74 61 54 30 18 
74 83 4 74 30 81 99 20 7 33 54 60 20 42 79 49 88 85 90 57 25 9 89 38 13 71 78 51 99 48 99 49 40 88 14 85 67 43 86 85 92 37 24 2 10 45 39 23 20 78 88 9 97 70 11 41 26 6 31 71 54 9 99 84 82 65 4 56 69 67 85 16 7 3 36 71 46 35 67 82 15 39 22 49 56 98 11 30 22 42 87 10 7 29 12 77 34 21 71 97 
16 35 92 38 16 43 15 97 42 17 15 94 94 37 49 82 47 86 75 15 69 40 77 79 72 56 72 60 98 47 25 52 74 74 96 70 60 33 50 12 71 83 24 48 40 49 58 8 31 34 96 82 16 40 25 85 14 71 90 77 53 87 4 51 91 16 10 22 46 35 22 15 80 17 82 30 11 41 22 62 57 51 53 86 32 41 92 76 86 60 38 28 12 83 44 38 30 51 74 92 
36 38 47 56 63 89 31 90 49 75 92 9 73 91 97 33 68 74 54 51 91 18 12 9 24 78 21 32 67 21 94 5 73 26 9 23 59 35 16 51 30 63 14 54 50 75 16 43 18 30 13 89 26 72 53 11 73 8 67 63 27 73 58 25 89 32 8 89 70 52 36 11 98 97 6 33 13 7 89 46 72 25 95 12 25 46 70 49 15 50 53 0 68 77 66 84 33 78 41 47 
52 28 22 4 89 93 31 40 73 8 79 29 49 27 83 23 98 5 94 95 56 35 58 26 18 95 81 30 22 24 43 10 62 5 86 80 55 13 72 48 47 59 32 67 78 93 54 22 31 91 74 48 28 33 13 75 67 51 38 34 34 20 87 95 32 86 57 77 89 68 8 87 94 62 50 62 86 30 57 83 29 62 25 49 44 23 92 13 35 50 5 52 8 97 24 41 10 72 5 77 
92 0 42 65 7 78 16 45 37 20 24 60 62 81 64 63 99 64 85 2 34 57 63 60 46 34 36 42 88 92 54 30 96 37 35 90 51 45 59 40 53 25 64 37 77 39 24 83 26 98 53 74 44 77 19 78 72 97 81 43 37 44 31 89 16 2 27 64 38 56 52 83 20 68 63 59 7 39 16 76 11 17 50 73 14 24 24 89 20 55 97 99 78 39 59 36 11 67 91 61 
88 55 68 52 5 99 98 30 46 51 64 21 50 47 99 0 39 67 38 83 30 43 54 43 37 20 45 54 61 64 40 51 82 46 5 91 29 87 29 57 53 14 16 45 79 25 29 55 15 95 92 2 34 38 31 56 26 99 2 66 87 90 74 9 5 98 45 76 10 45 58 25 24 54 52 38 80 40 59 88 69 76 38 7 5 96 16 2 84 49 67 94 46 86 75 74 30 69 24 91 
83 51 39 82 45 27 29 55 4 14 76 56 35 4 28 99 53 84 56 53 64 46 4 18 24 81 34 10 39 28 39 56 27 94 57 35 96 6 73 2 6 58 47 48 14 17 5 67 26 7 98 80 32 24 16 25 88 65 35 75 66 61 39 57 19 94 31 23 85 59 35 33 70 52 64 98 94 34 76 41 37 69 37 53 81 79 25 69 57 9 78 34 88 2 8 61 25 98 76 0 
63 32 7 44 79 81 99 36 82 19 81 4 69 61 39 65 54 99 94 65 71 79 30 95 68 38 64 82 71 80 58 47 6 3 67 36 4 67 11 97 95 15 91 50 97 50 26 25 71 51 67 16 69 96 47 97 7 58 75 64 10 71 43 52 59 97 53 27 48 61 99 75 21 50 96 66 25 11 44 25 88 4 97 22 52 42 96 77 79 68 39 27 71 57 27 28 77 97 67 74 
84 24 76 35 72 16 77 86 65 79 65 94 53 34 37 18 46 41 10 68 13 70 26 77 42 5 43 15 21 91 24 34 78 1 59 84 62 38 4 3 31 30 88 57 22 5 71 13 32 73 59 22 79 59 97 36 95 24 95 80 43 22 84 84 48 42 40 0 78 37 14 5 14 3 11 5 99 21 58 73 88 57 76 40 96 57 74 72 55 60 56 33 97 45 64 73 86 23 7 70 
37 44 60 4 95 62 81 96 23 81 26 69 71 13 65 65 18 40 53 26 86 47 96 62 80 53 91 97 39 35 83 59 47 99 76 75 79 50 93 38 34 21 41 73 86 95 90 91 11 30 43 32 54 36 60 42 41 5 34 57 71 51 65 68 84 16 90 90 77 17 94 77 90 23 64 63 70 86 88 35 93 59 46 51 94 61 36 90 28 86 76 30 99 18 43 67 74 69 4 59 
11 69 39 94 21 78 30 36 57 9 30 2 59 11 58 4 22 25 41 0 89 82 5 91 87 59 43 69 98 69 24 91 18 69 3 74 0 6 76 30 31 40 28 83 82 17 84 20 8 89 83 10 24 91 74 2 6 65 8 68 52 47 71 19 65 18 60 16 16 13 25 44 55 43 52 48 7 71 6 58 24 0 82 59 67 54 58 33 70 94 67 55 69 70 12 57 45 76 26 29 
67 22 72 85 0 97 84 45 63 69 31 3 93 80 75 37 15 87 74 23 92 80 25 48 94 95 3 62 80 56 82 27 91 44 50 61 88 87 35 30 11 35 88 59 75 48 92 24 26 32 12 66 79 69 74 41 32 9 34 1 21 29 54 65 59 39 46 64 43 23 1 20 83 38 84 36 10 32 65 83 46 93 87 0 16 43 19 87 66 46 13 56 15 62 16 3 76 40 67 23 
62 25 39 46 59 41 58 24 38 38 20 80 18 91 38 67 28 6 7 49 65 78 20 55 96 11 69 9 19 53 11 46 34 87 13 24 76 35 85 15 93 13 21 30 93 35 21 9 14 25 53 22 56 53 62 97 77 5 66 91 42 53 12 75 58 82 61 64 6 94 63 87 78 12 82 16 7 76 41 51 38 73 73 26 50 25 24 78 87 11 91 92 43 7 48 72 84 92 98 49 
70 60 66 8 62 47 20 51 97 74 70 24 66 15 29 14 62 82 51 93 62 96 35 18 65 71 93 41 59 51 19 47 84 55 82 29 64 44 20 38 21 59 32 70 49 36 94 55 68 36 40 11 28 36 56 72 3 18 84 69 70 45 74 30 8 87 70 59 85 45 44 99 95 37 34 64 85 94 40 63 33 34 96 70 57 29 61 37 59 25 99 34 90 36 74 85 24 29 66 77 
54 13 2 6 45 55 52 3 17 16 22 25 78 1 12 23 88 67 16 63 8 55 32 19 50 21 30 21 37 51 63 89 15 97 6 89 75 24 16 11 91 35 28 52 12 3 97 15 10 68 3 20 67 2 43 33 39 55 19 40 32 62 74 16 34 5 81 79 76 62 32 10 96 28 18 60 37 3 95 56 98 29 48 11 51 91 72 47 48 30 19 5 66 26 10 90 52 52 72 94 
90 17 93 18 0 23 38 24 96 80 17 32 24 10 33 36 12 72 67 58 24 93 47 40 85 10 30 52 20 91 61 61 49 21 6 21 52 55 11 77 58 68 71 49 19 52 68 44 7 68 36 72 34 75 24 62 99 5 8 63 79 87 27 43 10 97 88 86 70 42 89 24 12 97 73 96 2 46 14 8 70 6 90 60 88 80 15 89 82 16 92 71 35 18 79 15 33 34 66 7 
64 57 51 82 7 91 59 77 11 87 81 66 93 51 41 51 15 21 51 53 36 57 72 94 40 89 2 49 27 21 37 2 84 54 54 61 29 83 98 80 5 32 7 46 31 19 15 89 21 81 15 92 92 4 6 69 8 12 72 98 20 80 67 57 27 5 30 25 91 32 61 42 26 58 45 79 11 27 4 99 5 19 45 55 2 60 0 42 62 86 72 22 96 54 66 7 16 40 55 42 
76 31 36 25 81 80 6 34 30 76 97 87 53 24 78 36 59 33 78 67 4 19 45 56 98 5 61 23 30 98 84 23 63 28 73 95 47 93 82 27 91 83 27 62 49 82 91 32 98 81 77 48 76 26 3 18 21 15 84 21 20 42 32 56 88 70 48 14 84 33 35 0 24 12 19 35 1 63 63 28 91 20 75 72 45 8 99 5 79 44 31 45 10 40 98 98 7 7 9 25 
50 0 41 95 60 28 12 39 79 77 63 71 13 40 32 28 24 53 4 34 13 34 88 49 89 5 70 85 13 32 25 68 27 46 31 24 26 7 7 17 10 1 31 65 45 75 70 61 32 75 79 26 28 32 32 79 83 49 47 72 6 25 59 95 80 80 57 14 64 51 55 22 7 19 23 8 66 22 21 31 35 23 81 1 59 20 68 22 48 90 90 26 12 84 82 2 57 60 20 60 
51 4 2 41 29 39 85 17 5 70 78 42 48 23 76 74 62 27 61 17 65 25 74 89 69 53 25 81 53 73 92 42 12 52 1 49 86 44 24 78 97 13 70 17 11 16 9 99 84 36 38 70 2 42 80 84 42 73 39 90 81 8 79 38 91 11 51 71 79 98 38 76 25 28 42 78 18 57 96 19 89 19 83 80 87 3 98 43 38 36 10 2 31 55 41 94 41 51 73 94 
33 34 69 49 85 28 42 11 17 37 17 29 20 23 65 72 28 81 89 52 37 33 59 84 31 90 7 19 97 49 54 58 49 25 74 82 57 67 91 15 84 77 3 34 81 41 17 99 67 62 25 74 1 58 23 63 7 36 41 56 7 48 67 19 10 71 39 19 34 26 10 13 87 98 21 37 0 60 87 70 42 88 94 40 21 94 57 4 75 40 17 78 13 1 81 73 79 6 4 98 
97 50 4 36 54 76 44 26 18 83 29 11 83 32 82 29 2 16 46 54 81 45 21 32 20 42 23 88 96 3 53 23 53 13 96 80 30 46 37 69 97 57 62 59 39 7 2 43 40 30 46 80 72 23 93 32 90 75 61 97 75 78 95 89 38 12 60 4 33 5 55 9 39 0 32 51 13 1 41 61 84 18 2 95 36 1 72 5 66 85 27 48 89 37 81 40 85 54 99 8 
47 12 67 83 8 46 61 80 99 8 55 42 93 85 64 74 31 80 70 16 34 27 22 47 89 44 24 87 28 75 56 65 58 29 22 57 34 97 40 87 54 51 14 52 69 9 47 96 81 47 87 91 3 70 42 97 38 71 98 65 25 35 97 48 80 61 51 49 24 33 82 14 72 48 23 28 91 16 73 89 51 54 91 82 63 67 15 70 13 74 69 71 4 66 65 19 26 14 60 87 
0 54 78 78 36 72 86 20 25 75 66 63 41 2 45 12 62 90 64 72 61 13 43 80 16 32 91 29 88 78 20 80 8 72 32 13 12 69 75 68 45 45 85 17 32 39 50 63 76 99 0 51 96 63 94 9 65 54 41 77 34 51 3 88 76 42 15 83 94 2 70 6 21 13 99 52 12 26 13 78 66 57 74 64 0 18 91 51 98 9 60 51 55 82 26 21 47 80 66 51 
7 81 81 37 39 47 24 76 25 36 47 57 83 77 45 17 49 67 71 96 40 48 25 3 4 41 55 23 54 3 97 86 27 8 35 41 78 60 96 56 97 75 73 69 68 71 35 27 3 52 2 51 25 34 45 14 9 76 0 0 61 29 84 52 65 22 82 55 71 30 49 21 50 53 63 32 61 46 70 13 95 5 21 35 27 8 32 34 62 33 59 27 90 62 49 17 56 11 17 69 
82 40 96 29 31 34 75 48 11 57 75 62 38 45 26 25 17 1 4 97 7 69 76 76 70 45 72 16 72 38 4 61 34 8 23 72 32 91 61 70 74 33 10 77 79 32 63 69 72 92 5 7 88 31 64 94 98 16 38 87 96 82 31 23 93 58 42 97 43 62 31 51 50 92 64 77 97 60 5 45 31 67 18 95 73 67 36 72 9 76 27 89 16 37 48 78 3 81 83 21 
65 15 73 62 82 43 71 27 89 3 41 70 62 92 36 12 44 75 39 93 8 87 1 57 27 94 25 4 46 7 64 35 30 11 96 18 19 64 20 67 36 72 63 72 61 33 23 6 71 3 14 40 95 77 63 16 94 58 22 48 90 64 1 89 48 67 12 71 88 57 5 28 30 74 66 31 25 31 20 5 15 90 36 13 57 49 46 9 70 11 75 26 78 95 44 23 93 39 2 58 
38 83 98 87 21 35 75 47 39 92 33 42 84 91 60 42 17 79 58 44 26 63 11 52 64 13 54 91 54 92 61 69 14 58 76 75 40 72 72 96 11 62 25 45 41 91 33 64 58 90 23 35 64 51 81 55 24 89 7 47 71 15 58 24 20 0 92 86 23 5 63 38 23 47 7 8 98 74 45 65 5 48 79 8 52 48 57 98 17 35 76 21 55 20 7 53 30 32 96 83 
26 74 33 54 19 59 33 58 11 51 70 77 98 39 9 95 7 4 33 63 28 39 11 86 35 91 82 72 17 58 43 0 68 77 30 81 26 80 90 20 11 6 95 56 63 46 58 85 96 50 21 3 42 40 50 17 90 8 31 63 3 15 83 68 83 8 12 27 27 69 69 90 88 96 52 22 79 27 46 44 24 70 10 27 93 68 28 36 4 76 65 97 95 52 71 56 90 1 94 64 
86 22 87 36 52 50 77 91 70 3 96 66 20 24 87 82 23 32 41 81 22 60 1 90 17 84 6 24 18 97 7 10 98 33 21 77 84 97 72 50 74 60 40 73 77 83 0 59 62 50 73 48 52 8 75 92 80 7 99 34 98 49 81 22 23 89 68 19 68 60 91 15 1 84 17 61 78 7 72 0 99 12 58 13 74 20 36 66 44 96 57 56 14 38 63 26 30 75 33 11 
90 21 2 63 42 38 69 92 83 41 89 24 76 18 86 0 63 24 24 31 35 18 2 80 8 68 38 95 24 26 86 90 19 89 30 83 76 71 73 94 8 74 3 61 86 21 6 65 14 90 67 19 52 41 67 91 60 56 8 11 33 42 61 0 59 88 4 12 2 1 28 8 59 52 69 21 92 68 28 27 95 95 79 59 41 67 20 12 43 22 4 97 52 63 12 6 99 76 17 21 
3 35 7 98 55 59 72 82 94 10 71 16 38 43 91 72 4 99 60 78 26 85 83 90 56 23 48 53 54 88 71 88 46 53 25 5 63 0 70 11 77 23 88 73 75 96 68 77 2 85 28 93 55 93 63 39 91 44 81 72 98 39 5 99 30 76 9 86 66 36 56 56 1 60 83 40 39 79 3 94 67 6 43 54 70 85 38 40 41 67 45 30 41 64 26 95 13 88 2 79 
90 0 40 75 21 35 27 36 27 38 53 19 65 22 63 35 17 69 71 90 64 87 84 24 10 10 36 44 87 94 60 68 34 34 64 76 72 84 29 81 52 39 44 22 55 88 4 89 48 25 46 12 59 75 74 34 35 48 32 41 8 88 61 73 19 72 36 87 92 77 80 16 75 24 44 39 82 40 4 55 14 86 19 46 36 32 11 99 46 39 75 43 46 61 36 23 36 76 70 85 
68 14 80 46 59 60 6 1 33 79 77 60 6 15 57 36 84 49 79 45 98 51 40 81 68 48 21 48 33 97 18 73 92 38 77 26 25 68 53 12 16 1 91 86 34 57 60 1 35 71 39 82 12 41 50 3 86 13 73 14 57 30 97 10 75 57 62 80 14 38 70 34 57 21 22 62 74 77 49 34 95 9 74 54 89 45 56 56 99 29 93 0 10 82 89 50 94 8 76 58 
12 78 28 15 1 0 18 22 24 68 8 61 38 51 55 36 60 53 59 86 94 89 59 26 0 35 70 98 70 83 38 42 15 38 28 95 24 77 74 98 75 47 61 62 52 58 95 3 44 25 36 92 58 73 3 45 8 48 4 0 44 76 7 3 40 91 32 83 7 48 15 55 16 32 87 20 17 5 23 25 90 97 38 61 54 82 52 35 33 10 74 86 23 32 59 31 13 36 1 64 
22 3 94 47 37 66 54 4 71 80 60 1 75 53 3 24 64 28 86 31 95 73 86 0 45 93 67 92 11 2 75 66 73 90 41 51 46 54 4 28 85 49 69 14 52 95 23 97 1 79 73 6 66 40 7 18 79 35 22 11 77 17 98 2 78 7 86 93 40 25 29 47 31 8 25 25 39 32 54 37 75 56 23 30 18 95 75 9 60 18 17 89 71 14 31 39 28 43 16 97 
2 62 22 72 76 61 54 60 95 86 10 84 15 0 16 35 80 69 65 39 69 99 58 9 7 3 53 13 2 46 51 17 29 74 17 61 28 56 83 54 43 35 89 63 63 16 85 60 59 1 29 16 50 49 26 71 74 25 52 53 37 57 5 80 40 76 69 62 38 23 75 85 75 1 51 80 48 92 10 39 84 80 74 80 21 31 60 91 57 84 31 86 93 62 9 70 23 30 25 61 
87 13 69 20 80 96 46 78 44 31 66 76 6 64 76 84 0 1 8 47 89 44 18 14 78 94 20 80 29 61 67 65 58 0 95 50 32 22 61 37 14 58 12 3 94 57 2 60 7 30 9 1 51 73 82 78 54 63 86 25 12 42 52 70 97 7 54 38 60 39 82 98 99 45 64 4 77 97 45 81 97 3 30 71 93 74 6 18 56 0 66 86 96 65 62 10 26 31 56 45 
98 73 40 36 37 39 27 45 18 39 53 14 51 64 41 80 75 32 86 78 7 8 37 15 59 47 23 26 26 50 65 42 36 69 90 23 14 83 29 80 44 84 40 16 18 62 24 17 17 60 19 6 82 41 34 18 98 81 14 17 89 40 91 90 98 82 84 19 88 86 25 11 14 7 37 79 45 81 3 3 2 66 68 41 24 90 0 76 39 1 7 8 39 85 0 45 80 31 74 33 
71 20 8 5 13 34 38 43 76 80 34 79 24 69 66 83 68 86 63 12 53 26 54 4 65 34 32 84 41 86 27 54 70 38 80 96 24 12 59 6 96 28 83 8 53 49 64 39 66 33 15 21 84 88 53 67 95 20 93 82 86 58 65 50 21 23 73 72 43 75 20 48 65 42 18 82 79 60 6 18 21 95 15 71 93 95 98 62 93 4 84 95 95 80 79 70 39 76 37 11 
56 35 72 7 56 33 96 47 56 29 81 3 83 99 25 28 98 12 12 57 52 61 76 37 85 41 24 55 88 10 25 44 62 23 89 52 52 25 63 84 29 97 38 60 18 26 71 93 83 53 75 81 90 45 28 16 49 54 44 24 60 72 70 81 67 92 43 68 69 44 80 36 65 22 47 44 23 90 98 91 51 63 5 36 71 29 33 36 68 45 66 13 13 1 74 32 58 76 57 23 
19 20 37 98 28 58 28 3 95 50 21 23 82 24 45 66 27 92 11 27 16 91 69 63 23 31 20 18 82 54 86 93 50 25 77 92 70 17 53 79 59 97 82 65 2 64 12 27 34 31 15 99 35 27 30 48 22 60 79 59 41 63 58 68 4 19 10 73 38 62 52 61 24 49 20 2 37 30 76 40 28 13 54 76 20 20 61 76 84 47 1 26 83 75 31 38 0 10 99 65 
89 84 71 77 63 76 68 84 79 54 68 84 13 47 54 34 28 86 92 15 89 22 81 68 89 62 55 81 44 84 3 57 66 28 6 74 32 59 84 82 25 58 39 67 89 37 19 44 60 95 64 27 7 6 11 43 78 77 38 82 99 40 66 79 24 75 20 37 59 3 12 5 63 38 57 50 52 2 74 84 63 11 89 1 65 22 79 69 78 52 64 14 25 91 38 76 56 18 20 74 
13 0 10 40 62 21 23 22 82 67 88 83 22 6 77 22 9 21 53 30 47 52 40 21 82 25 75 56 4 39 31 54 29 26 87 11 46 36 92 5 25 53 89 33 46 74 81 14 71 59 80 50 16 63 93 85 78 80 55 99 10 56 0 45 26 88 53 86 76 48 69 24 50 17 9 0 99 43 32 26 60 65 77 31 40 78 60 21 52 67 4 3 82 63 36 12 79 85 55 54 
51 30 30 79 86 36 10 52 74 79 23 4 47 88 66 96 26 52 66 57 87 24 26 86 46 29 9 75 21 68 26 60 38 68 85 89 84 99 10 90 3 16 51 42 90 94 9 46 61 9 33 5 85 70 73 52 30 34 62 34 62 63 83 11 96 77 45 21 55 99 92 61 85 53 98 13 53 73 18 11 34 21 23 97 98 64 81 18 36 17 81 16 71 76 19 48 32 67 42 21 
54 61 91 76 6 51 38 12 6 70 60 12 91 12 70 55 2 14 93 13 29 4 96 52 47 90 67 40 60 27 81 39 86 26 26 78 24 16 81 90 61 15 61 4 26 42 19 68 84 84 89 79 34 23 42 37 98 6 56 8 4 87 88 28 62 8 5 28 80 64 18 4 88 58 75 7 61 38 91 52 38 67 14 89 62 98 38 67 18 77 98 72 13 78 6 4 17 52 40 49 
29 95 47 89 70 37 78 17 28 17 90 45 87 72 88 85 97 67 85 48 29 30 58 22 29 64 55 38 27 46 47 47 53 46 28 14 63 68 14 13 58 53 27 46 42 28 31 15 47 53 41 91 32 44 69 97 64 0 68 90 88 47 19 47 40 9 0 4 21 1 76 44 82 47 3 76 57 42 90 4 3 19 96 92 18 20 88 98 73 50 56 99 11 63 8 42 74 77 20 40 
61 62 17 65 18 94 82 1 1 97 22 69 10 11 76 7 27 92 96 20 5 98 88 87 33 18 17 8 95 32 35 23 5 62 61 53 16 68 27 80 42 75 41 66 3 43 23 72 98 52 88 33 83 28 90 63 30 2 1 7 53 80 57 86 36 53 49 50 86 57 86 54 37 45 24 1 99 11 6 41 36 95 78 39 24 66 52 46 83 94 43 49 15 83 0 59 40 21 74 60 
85 36 52 87 91 83 45 21 51 72 70 95 51 93 58 72 84 24 59 2 69 22 6 94 93 10 83 23 28 81 48 56 52 40 47 17 63 31 57 60 68 41 73 62 68 73 28 90 83 77 0 38 4 5 8 44 52 13 0 66 6 45 23 81 96 55 52 80 81 45 91 26 39 41 91 10 70 23 76 35 36 42 48 76 37 48 15 99 23 22 8 22 76 52 56 6 30 14 55 52 
20 37 76 65 2 53 7 47 96 53 75 85 43 77 49 34 94 6 64 34 9 51 33 69 47 10 22 32 40 53 79 60 23 79 32 57 97 44 91 70 15 59 59 77 22 38 22 61 96 9 59 11 57 95 34 44 88 12 90 26 56 12 95 9 39 32 28 34 92 87 25 31 28 58 56 92 65 66 16 23 13 99 65 66 69 13 22 95 18 34 56 44 78 51 96 2 22 0 99 87 
26 69 63 25 95 94 25 93 58 47 94 2 51 90 44 55 3 49 78 37 32 9 24 4 23 48 20 1 66 5 67 56 63 35 57 4 76 75 72 14 19 33 78 56 30 23 3 58 66 53 15 49 13 29 83 96 91 0 56 27 93 93 14 28 2 91 95 55 5 79 59 45 43 33 96 36 50 12 2 81 79 70 59 56 38 92 55 85 70 28 86 94 63 0 17 44 99 88 27 64 
54 62 36 30 88 34 50 21 38 59 81 66 84 32 48 94 52 37 87 48 82 41 31 26 28 87 52 94 94 59 51 32 17 24 40 82 80 93 66 7 76 55 39 82 55 34 82 41 48 69 36 99 32 30 91 97 29 65 48 92 92 78 94 89 79 62 59 81 85 11 39 7 92 7 39 40 99 93 78 70 53 24 21 92 54 36 41 43 82 40 10 56 34 39 20 86 44 81 31 81 
34 73 15 40 60 62 5 58 23 21 69 5 85 94 21 48 89 62 21 48 45 54 99 95 8 91 70 56 86 56 92 95 93 39 27 53 3 64 60 87 6 95 71 27 67 24 42 73 79 99 68 69 9 46 99 60 59 63 8 2 68 1 97 42 79 0 0 8 44 42 46 19 77 95 69 87 26 44 34 66 98 7 79 48 97 35 6 16 34 21 47 97 91 13 89 97 62 30 38 33 
36 17 18 3 85 88 9 50 59 25 76 90 59 11 84 15 94 36 89 58 44 95 77 21 15 61 97 97 24 70 77 79 29 95 63 62 71 19 79 61 1 89 20 64 69 51 89 80 49 30 38 99 24 21 10 70 25 76 55 34 65 59 43 83 35 33 49 91 65 84 77 69 52 38 50 71 54 23 15 96 33 80 59 86 5 73 61 73 87 66 79 91 92 34 44 78 95 89 28 98 
97 24 74 39 12 51 71 58 3 92 77 31 50 78 79 87 4 4 11 10 5 22 98 27 10 10 16 84 4 91 19 22 69 42 59 1 65 29 0 81 36 84 13 17 26 70 28 97 14 63 1 73 91 65 54 19 70 40 3 82 56 55 57 7 34 39 64 6 50 81 40 85 75 70 83 41 14 90 84 39 84 38 47 23 51 1 23 38 43 78 87 79 89 77 10 5 39 23 48 46 
7 68 14 81 52 33 56 19 73 26 50 46 27 46 4 11 19 15 62 46 83 44 83 33 95 0 20 17 40 4 1 46 76 51 16 76 12 68 51 87 16 33 70 91 5 92 57 9 9 43 39 29 42 66 28 50 25 67 60 34 54 11 0 1 98 34 85 19 23 32 5 42 65 55 52 12 49 21 57 96 91 24 34 29 66 51 5 93 51 3 5 58 54 55 80 31 92 63 11 79 
69 28 17 23 54 58 46 98 86 24 3 42 64 87 69 45 96 24 57 57 43 97 87 50 35 42 46 54 41 93 49 92 3 85 64 46 56 27 38 54 5 80 94 43 56 54 86 93 35 63 85 68 47 60 88 92 80 76 90 9 44 22 64 49 70 1 88 7 58 50 57 11 98 17 47 73 10 57 43 1 49 1 28 41 58 38 9 20 54 41 64 34 18 51 13 7 82 30 16 45 
6 22 54 28 9 36 72 13 50 55 37 64 31 78 83 73 18 68 85 82 22 79 21 3 7 68 71 60 44 99 33 19 1 78 56 26 9 97 21 57 43 31 29 20 72 40 87 90 49 35 43 85 0 29 0 55 81 37 78 94 95 48 29 36 1 18 51 52 36 90 28 43 85 7 22 5 9 15 55 50 91 91 1 31 2 60 67 6 63 43 32 17 36 33 0 71 53 98 21 41 
81 75 8 63 54 71 88 84 25 27 4 66 38 30 32 21 95 99 0 63 42 87 89 57 39 15 69 47 52 22 9 25 90 56 82 24 41 99 69 15 27 78 33 63 31 66 57 52 18 44 30 99 95 83 53 19 15 48 81 64 8 69 65 55 86 78 6 86 11 36 88 24 81 4 14 90 77 29 10 37 8 93 68 82 60 3 40 18 82 93 53 56 30 90 82 19 55 62 98 71 
35 73 63 63 62 10 99 51 9 41 24 72 56 4 17 48 72 81 80 89 54 1 81 69 63 99 4 36 41 89 54 88 62 34 9 17 64 42 51 71 66 82 12 99 1 82 33 74 64 88 39 21 75 25 63 90 82 58 24 72 33 86 19 46 11 30 71 99 17 27 14 16 7 31 26 15 85 91 65 63 87 27 30 31 11 10 48 99 76 72 2 63 13 84 78 47 47 56 0 10 
64 56 45 12 91 12 22 94 71 50 18 94 38 81 10 8 99 47 14 57 96 6 84 46 59 84 18 44 25 19 50 49 97 56 40 23 68 46 89 34 93 92 9 74 22 85 32 60 17 58 49 36 94 81 54 17 31 4 55 24 52 90 39 4 63 34 10 8 27 55 37 34 40 55 16 50 17 91 62 64 83 33 62 93 53 53 47 57 71 96 47 49 0 59 96 24 95 62 26 7 
10 10 7 76 16 60 96 38 34 47 87 41 34 80 91 32 88 81 44 66 71 55 87 30 79 8 77 32 26 6 38 78 3 27 50 20 54 7 5 57 17 21 57 33 91 56 31 28 93 8 40 86 14 43 74 8 56 51 16 26 61 62 34 23 22 44 55 15 91 92 96 70 55 65 7 95 11 34 71 51 32 61 38 87 1 55 95 31 3 48 2 46 55 0 81 39 31 82 63 96 
2 30 52 80 20 21 99 40 44 37 13 67 60 10 30 66 21 39 59 78 96 33 78 53 97 10 83 57 9 44 49 25 36 59 68 51 76 98 3 11 92 74 31 67 32 71 13 82 90 11 85 97 10 98 62 19 74 24 8 49 95 16 20 64 47 99 78 17 43 15 35 21 25 3 43 31 50 57 63 10 53 94 61 71 81 88 30 61 39 92 61 64 14 55 80 55 62 86 60 11 
14 93 67 83 16 47 87 85 49 77 66 79 27 69 56 18 44 36 80 57 74 37 44 65 16 82 67 46 74 62 90 33 43 80 60 64 0 96 73 95 21 91 21 77 69 14 67 95 23 0 99 12 0 37 73 60 6 87 74 4 34 67 57 51 18 95 59 77 22 65 17 56 23 54 2 43 79 83 3 75 23 96 87 81 22 81 25 8 49 1 34 75 60 8 81 11 16 73 6 72 
85 57 56 67 9 98 42 29 96 4 44 45 91 7 79 1 26 72 32 92 27 68 33 33 97 28 88 96 64 4 73 45 17 15 42 22 19 77 52 35 38 31 23 0 64 74 35 31 58 27 21 85 83 85 5 96 44 33 56 37 94 5 5 8 7 42 10 96 80 66 3 4 10 46 66 76 25 32 82 9 18 1 78 22 35 30 71 33 68 45 55 82 34 67 29 71 94 20 20 64 
33 4 0 20 99 15 44 94 15 51 70 48 23 3 13 69 68 23 30 22 29 25 2 58 65 24 25 56 49 80 15 69 64 88 31 85 81 66 48 65 79 37 30 55 38 48 88 15 80 56 32 56 56 44 56 24 56 38 37 96 27 11 55 26 11 47 26 7 11 41 67 52 34 94 23 13 17 32 30 66 5 57 93 24 56 44 15 27 22 54 37 15 36 10 39 89 51 20 11 14 
18 24 17 90 38 52 47 37 89 2 53 34 17 76 85 98 20 11 16 26 36 4 80 22 51 25 50 46 87 20 46 82 18 38 18 25 58 18 54 71 73 56 52 0 70 59 4 87 48 37 1 62 58 10 87 79 72 45 46 39 98 95 57 68 59 89 61 76 98 41 67 74 10 44 5 6 50 45 67 38 98 12 31 92 94 42 99 88 1 65 91 22 80 57 68 56 15 13 7 4 
38 79 73 75 47 28 9 32 5 96 1 82 57 12 96 25 4 82 43 27 69 64 73 37 95 88 64 0 26 43 12 11 88 84 44 72 66 26 51 25 81 42 9 49 14 48 90 74 38 34 82 98 1 90 10 16 83 91 41 10 55 34 23 83 30 44 31 11 62 85 34 15 78 64 33 97 52 50 98 5 89 75 75 95 6 85 8 99 85 65 83 7 29 16 88 55 51 79 14 44 
10 48 63 81 53 82 55 42 60 77 21 76 41 69 27 16 11 7 39 94 30 44 47 65 30 34 74 26 57 82 52 13 10 43 21 32 20 46 4 94 10 26 55 89 25 8 71 16 69 7 98 7 31 8 67 93 28 54 32 66 64 40 77 18 89 85 86 50 65 8 97 90 56 42 98 27 56 44 79 48 75 5 29 7 92 48 37 41 7 30 2 21 76 98 53 1 0 54 64 4 
51 42 55 59 42 11 67 64 77 12 93 36 95 48 91 64 7 79 95 14 31 46 59 38 13 67 9 70 77 17 23 78 24 54 61 42 48 95 40 93 34 12 26 11 72 1 67 72 85 41 18 91 85 76 4 38 9 55 56 18 82 56 45 24 90 86 6 35 14 18 67 84 77 87 88 90 18 48 52 1 7 57 54 77 69 75 26 71 93 78 7 45 51 16 40 8 3 90 23 5 
