20 8 56 17 59 97 26 42 60 43 49 38 23 23 48 94 8 41 43 87 84 4 44 49 67 21 20 53 14 10 32 19 53 3 16 20 39 82 49 36 10 39 77 86 35 95 23 95 60 77 7 99 46 96 25 18 44 71 7 19 60 33 63 78 23 8 14 58 7 4 41 59 39 92 38 96 1 57 63 61 45 53 94 4 52 42 37 85 66 78 94 8 14 97 29 11 5 13 43 54 
94 29 46 36 49 49 80 5 62 28 58 88 11 72 44 45 2 38 55 33 16 97 85 64 18 65 15 15 37 11 53 48 63 53 67 40 72 61 57 20 26 79 37 60 19 14 62 45 54 76 54 52 55 51 66 0 31 51 84 42 78 66 10 6 64 10 84 78 62 71 80 56 43 70 78 25 29 1 75 37 22 43 60 92 24 74 20 49 77 0 72 65 7 37 69 75 87 24 66 46 
86 88 80 86 23 51 68 56 43 80 54 16 35 83 11 55 32 53 66 61 0 99 91 48 12 91 99 49 23 41 64 2 92 51 58 70 13 24 50 17 18 79 78 0 34 77 0 56 19 2 99 54 90 83 48 80 57 15 76 2 60 11 93 11 6 85 3 40 36 93 94 70 2 31 78 73 0 20 28 38 70 48 38 81 24 60 0 36 27 29 44 55 93 48 19 69 65 49 67 41 
75 55 57 98 77 42 95 54 96 19 49 63 64 22 43 84 84 53 1 70 57 39 54 33 54 13 91 47 20 74 93 81 54 45 11 84 33 89 62 48 3 29 14 36 56 95 26 54 6 51 14 2 6 19 22 41 83 23 88 0 91 28 43 54 96 16 12 6 36 77 41 61 30 97 60 12 9 82 96 88 40 72 27 52 76 61 43 45 45 29 26 35 19 15 94 24 99 5 76 38 
33 39 79 26 24 51 58 54 27 65 89 57 76 56 59 27 77 21 92 17 98 49 85 95 78 51 54 77 57 37 8 66 30 28 39 41 53 89 11 44 86 56 47 21 80 43 12 86 71 56 29 13 8 41 98 54 18 31 64 52 87 86 32 43 83 69 13 55 28 65 17 95 13 20 1 47 60 15 67 80 53 73 7 63 43 83 71 88 44 17 73 75 56 15 79 37 78 45 16 64 
22 33 34 26 72 45 73 16 20 8 71 65 15 18 50 48 79 28 60 31 76 4 53 28 38 37 41 24 87 48 47 55 47 94 74 0 45 9 71 93 73 55 71 88 75 65 30 75 37 85 35 78 4 38 70 17 33 39 37 21 38 73 33 53 58 46 35 51 80 81 20 61 44 58 47 92 88 65 4 58 3 86 22 72 4 39 68 66 82 57 57 65 90 72 18 60 14 68 81 42 
77 12 43 70 1 55 72 14 18 12 18 82 11 24 50 71 44 20 88 56 56 1 99 79 58 28 87 71 16 35 14 29 75 24 39 2 30 32 81 45 68 18 59 0 44 4 52 86 76 86 60 66 90 31 47 32 41 84 31 57 63 39 70 61 21 23 54 30 80 14 81 32 18 17 13 1 50 34 76 72 42 32 56 39 66 26 42 70 4 20 32 83 85 64 89 5 76 56 37 34 
7 79 26 86 62 98 48 22 37 51 80 99 31 39 40 15 32 31 11 97 56 69 35 47 73 77 85 36 96 82 70 73 80 7 82 95 43 97 27 37 73 83 54 75 88 4 79 70 28 26 45 62 13 54 47 15 49 22 10 46 56 95 56 21 55 8 28 78 54 30 15 43 89 78 3 79 63 64 74 50 67 47 68 70 82 75 76 9 89 99 60 35 21 75 37 64 71 44 97 31 
32 47 5 61 4 51 81 36 22 99 46 82 80 17 56 41 95 4 92 9 23 30 91 15 6 88 56 61 61 84 94 67 4 50 82 11 36 74 26 8 84 58 94 88 6 84 67 51 93 55 55 82 6 5 27 78 14 87 39 2 62 96 99 43 92 62 34 68 33 3 0 97 26 90 94 64 5 89 23 42 32 20 94 20 66 64 88 30 2 19 0 27 29 23 17 35 50 46 73 98 
63 19 70 27 72 36 78 7 93 68 94 67 17 57 31 3 52 22 10 39 57 38 67 74 72 90 55 99 81 45 53 93 18 80 64 90 74 88 29 34 44 28 82 24 60 12 70 38 47 5 13 52 64 12 97 47 11 29 36 95 92 71 42 61 75 72 93 48 25 95 16 71 37 30 7 8 18 94 82 10 10 5 80 19 48 42 52 24 23 99 73 18 61 68 7 72 69 31 13 56 
7 85 71 62 84 14 45 52 85 76 85 39 63 17 24 62 45 65 48 48 71 84 94 47 80 92 5 4 90 59 32 46 13 59 31 3 56 40 76 59 84 19 84 72 39 90 77 90 36 89 69 29 0 82 27 23 44 37 16 69 32 21 83 23 56 20 62 93 89 53 42 22 2 44 68 88 16 53 18 34 17 33 14 0 29 59 53 38 13 90 36 10 76 21 7 10 87 80 80 73 
58 5 63 12 58 92 67 75 76 85 37 39 74 73 72 55 79 35 55 53 75 3 23 29 54 77 10 87 99 34 72 94 50 24 72 2 80 4 23 47 43 50 89 22 43 76 41 1 42 67 4 85 50 23 56 59 99 66 96 7 90 85 80 35 75 61 73 90 71 79 87 79 50 47 17 56 62 59 8 24 42 98 72 50 73 55 81 88 37 80 12 91 0 41 40 54 93 74 55 82 
43 15 99 69 62 82 45 11 30 81 59 60 95 81 5 2 50 75 70 76 47 24 46 44 72 17 94 57 17 27 61 44 63 46 99 90 87 26 4 32 39 76 37 46 59 26 5 21 49 4 7 63 60 30 15 59 31 27 3 43 27 25 20 83 11 91 21 26 48 99 23 60 75 25 98 97 90 80 26 97 32 63 44 97 99 66 16 95 74 88 75 46 70 85 73 82 78 19 77 12 
99 72 98 39 17 12 7 10 25 88 31 60 99 45 98 35 55 34 69 59 6 60 86 38 10 67 98 50 4 73 70 1 74 40 85 59 9 60 51 52 72 6 76 62 88 11 11 16 21 70 51 16 34 35 92 40 87 86 82 12 35 77 38 79 18 47 99 13 64 94 59 74 19 34 93 57 42 15 3 92 90 42 42 44 53 72 70 92 17 23 35 74 39 84 89 81 74 1 5 77 
22 74 8 79 5 95 48 64 56 53 64 31 57 52 6 46 63 68 16 60 40 68 11 27 80 62 61 82 66 36 63 15 3 15 69 86 83 51 99 31 71 35 2 54 94 89 0 7 91 93 39 27 93 90 26 80 97 46 86 58 58 47 73 19 8 12 52 45 91 73 44 71 16 92 70 54 70 52 89 28 48 31 27 39 66 75 69 80 95 41 13 72 64 57 55 74 66 58 10 56 
74 43 53 75 52 75 17 62 94 25 59 51 27 90 75 97 47 22 15 52 67 55 70 51 60 37 18 34 59 17 47 0 10 61 60 24 33 63 27 55 54 27 4 52 7 20 3 46 21 31 45 41 30 45 71 20 98 39 70 32 23 27 71 78 10 46 34 17 51 73 21 36 13 82 50 45 52 22 68 6 30 20 11 37 45 84 27 9 92 99 15 50 27 12 13 20 30 10 76 20 
3 36 54 44 91 42 72 11 69 7 74 20 96 52 37 28 28 14 40 72 39 46 87 60 18 47 62 50 77 58 93 11 25 98 57 13 46 84 57 71 69 65 92 24 32 35 88 92 37 38 78 91 48 58 80 98 5 63 68 63 60 78 20 22 60 83 31 10 39 51 33 44 33 10 46 34 26 42 53 12 9 1 0 16 42 16 38 8 65 10 71 49 22 19 79 78 47 74 89 87 
48 64 98 91 89 72 74 14 44 36 46 42 80 18 91 60 93 79 59 46 2 13 42 83 15 81 29 40 49 10 48 41 77 80 66 99 83 53 65 4 78 15 58 50 75 25 1 19 9 33 98 71 80 34 40 46 54 75 51 22 71 54 8 69 35 81 29 24 25 79 49 86 71 73 38 41 20 68 81 27 38 10 88 65 5 4 17 44 8 1 84 54 77 64 2 95 41 83 1 38 
15 67 77 98 99 12 42 38 38 30 56 0 84 23 29 64 3 26 32 87 71 51 78 7 38 52 45 59 88 87 79 46 54 57 69 87 83 87 50 14 15 39 18 1 47 16 8 91 28 4 48 69 11 81 44 99 92 16 62 4 52 58 28 45 2 64 92 23 42 31 91 78 3 23 84 55 25 84 30 6 85 54 68 70 49 79 73 83 77 40 4 42 35 79 64 5 11 26 46 72 
19 67 28 54 54 86 6 17 53 94 89 73 12 83 39 2 86 14 0 90 5 92 84 55 40 94 16 87 38 66 16 80 78 61 29 25 89 79 3 8 19 17 89 25 45 22 85 28 82 80 48 76 26 13 63 24 20 65 97 62 45 85 68 68 45 81 34 75 26 76 89 97 8 58 37 93 71 95 37 55 20 36 79 51 40 6 6 4 25 87 46 16 30 35 44 79 77 45 94 0 
42 74 15 60 51 5 42 31 29 57 25 80 33 73 94 26 83 23 44 94 77 83 76 85 9 1 69 58 52 75 83 3 8 27 84 41 10 34 38 36 34 60 60 55 96 88 50 76 25 78 75 78 13 10 77 78 62 62 90 84 60 35 13 81 37 87 65 19 67 34 98 97 55 7 68 0 70 16 34 65 37 11 88 35 19 28 49 66 13 52 10 47 96 64 66 67 17 60 67 40 
53 87 58 19 30 49 72 56 45 58 6 22 79 70 32 77 81 33 69 8 2 42 23 96 33 19 22 60 19 77 43 96 29 64 15 22 39 43 53 75 9 78 29 50 99 93 13 24 5 97 15 34 89 29 73 85 60 89 11 4 80 62 96 9 21 84 82 72 30 25 55 41 45 10 26 91 34 49 51 66 95 71 52 54 34 17 65 78 46 41 3 17 68 13 23 26 4 68 71 23 
79 53 18 99 7 16 18 50 99 39 84 62 55 32 45 99 89 95 47 69 60 4 55 53 30 61 28 67 28 14 85 46 8 56 73 86 85 84 96 85 17 24 53 8 30 58 65 92 15 92 67 96 94 76 4 71 3 90 58 58 95 56 9 55 14 8 92 3 16 88 76 93 46 36 34 40 81 97 10 5 17 17 53 42 10 89 96 29 84 89 83 51 80 40 3 64 84 84 80 2 
10 69 9 16 86 17 60 76 52 88 4 34 24 14 31 64 17 25 76 95 53 97 29 99 83 31 68 2 83 56 96 22 73 86 70 2 95 52 98 44 34 49 2 42 69 35 99 27 65 19 52 96 36 97 12 81 67 48 72 93 71 72 67 15 39 59 4 27 31 77 24 11 62 59 12 82 97 78 68 17 17 86 36 18 72 24 58 38 81 41 79 27 39 40 44 96 55 34 82 20 
32 81 81 97 28 93 78 78 71 17 35 52 49 42 65 3 75 51 48 87 81 55 46 63 6 65 90 90 67 25 66 98 37 74 56 68 95 45 39 74 82 64 38 65 2 64 71 78 58 75 53 43 0 14 29 35 81 74 25 22 96 73 45 56 7 7 81 12 1 21 55 88 30 26 68 30 82 37 70 36 80 5 52 25 59 82 62 60 22 30 3 79 94 86 9 86 39 86 78 79 
72 30 56 66 32 27 52 35 98 2 42 63 7 51 35 55 76 19 92 61 10 26 34 87 36 84 87 73 5 23 66 90 60 27 54 98 65 14 42 93 38 13 44 61 82 26 89 81 49 63 65 87 76 6 25 34 66 11 58 86 6 36 53 88 84 57 9 4 38 63 30 6 51 85 24 95 30 90 80 64 89 67 58 73 58 81 64 29 81 6 32 54 77 64 38 79 78 53 39 53 
36 8 42 96 93 6 39 40 19 45 36 98 8 74 40 54 83 88 45 49 87 38 44 20 93 94 75 30 49 43 47 77 45 53 84 38 62 2 67 93 23 64 97 90 30 81 81 44 60 66 36 4 92 99 2 68 18 49 36 84 40 52 87 89 44 45 17 88 78 74 6 42 83 83 86 20 89 86 98 81 32 61 54 43 31 76 26 2 11 8 75 16 82 25 70 37 44 75 74 52 
95 78 61 3 99 39 63 30 7 82 29 70 95 16 54 31 38 53 58 49 21 64 39 1 96 93 81 63 7 22 29 84 21 35 64 89 34 45 8 70 35 61 48 63 40 93 30 98 20 74 63 38 83 52 39 37 75 29 84 25 83 54 1 9 71 90 88 46 87 47 79 2 95 19 7 86 36 99 32 11 76 37 35 16 0 14 74 74 14 0 49 91 78 78 14 80 3 21 58 91 
9 23 19 64 20 75 3 80 57 70 62 19 73 37 39 65 72 32 55 11 41 50 45 38 42 93 24 12 91 55 36 51 56 10 1 72 60 6 20 15 72 75 88 17 66 83 26 99 94 61 49 6 65 29 91 78 82 59 16 49 21 56 51 41 96 30 0 33 5 78 2 58 91 16 17 36 80 72 26 10 96 14 72 14 46 83 81 41 35 71 7 57 67 97 61 46 24 62 88 45 
91 83 27 23 65 43 6 22 56 29 97 63 37 63 40 49 47 92 73 19 64 21 29 40 60 55 56 78 96 88 21 16 24 48 60 35 25 46 96 30 49 54 54 75 20 2 76 19 90 38 11 81 76 88 44 31 84 25 70 52 46 37 84 78 65 10 89 48 68 22 39 1 77 78 31 40 88 87 16 43 71 73 94 1 80 68 40 93 45 41 6 40 53 29 17 98 93 16 44 83 
3 44 67 20 32 21 48 47 74 36 74 37 48 64 43 60 35 23 82 18 72 15 82 49 70 50 93 90 88 12 92 70 81 54 87 52 85 58 18 57 98 12 61 32 33 40 72 96 35 9 72 40 54 66 69 50 74 16 78 24 51 95 28 97 14 73 42 9 48 22 65 53 16 10 88 18 78 62 56 35 18 67 1 80 71 68 15 92 68 70 1 77 54 54 28 48 53 24 55 83 
34 18 17 25 52 98 87 46 48 13 34 60 28 30 22 57 83 72 98 52 26 14 20 65 30 87 32 17 72 93 16 93 27 12 81 11 42 4 74 42 17 88 75 8 29 81 97 13 93 97 99 49 46 38 1 77 16 14 17 19 27 99 13 35 27 67 65 45 30 11 72 49 81 2 84 29 49 75 84 98 21 69 95 99 14 72 84 82 38 38 37 15 17 4 96 6 71 25 11 48 
47 80 38 45 15 38 20 37 5 70 47 27 38 60 80 39 6 98 97 32 34 94 14 37 19 14 69 70 51 84 16 43 33 9 34 36 55 73 75 22 32 50 15 39 0 74 32 40 35 62 35 92 47 88 49 22 72 23 65 64 49 5 61 30 62 13 8 73 24 32 9 32 77 33 80 57 64 61 81 42 59 33 90 16 36 41 18 72 12 33 55 33 13 91 61 43 81 27 25 91 
60 19 73 31 1 21 23 37 27 88 97 35 10 88 39 84 96 60 51 43 70 57 15 5 42 37 59 6 90 7 54 18 29 76 49 79 65 76 37 94 98 83 73 19 57 10 34 1 34 68 82 23 36 28 20 47 14 53 19 85 27 7 48 17 63 45 28 31 32 67 57 77 45 97 33 82 68 0 11 76 69 8 42 40 30 19 88 74 96 55 25 74 0 19 45 28 78 83 16 44 
3 2 36 53 88 42 79 92 97 16 76 85 92 6 7 43 33 51 22 52 22 86 67 32 74 85 50 59 0 51 59 56 22 38 48 1 86 91 62 38 22 18 32 18 14 20 18 97 49 15 30 7 40 71 76 21 34 46 40 5 49 59 31 66 87 26 5 65 5 65 22 27 31 45 50 14 1 37 52 82 24 54 10 53 21 7 63 97 21 15 12 1 11 78 90 22 62 83 65 34 
13 19 30 62 96 0 24 2 11 22 54 51 48 56 66 20 63 22 30 55 91 22 91 67 25 53 86 22 36 83 90 84 48 60 64 91 12 74 42 57 46 95 32 36 82 5 74 98 63 24 35 39 86 48 88 81 40 84 13 86 69 83 97 9 89 0 94 73 88 72 40 99 51 9 52 90 48 32 72 60 34 9 7 52 53 91 73 14 60 29 66 40 80 99 36 65 22 31 93 35 
93 30 98 7 44 7 6 41 26 21 9 28 81 28 9 33 34 28 92 25 78 5 75 20 40 25 11 51 98 95 91 35 53 53 21 54 10 0 39 95 4 86 5 63 52 27 8 87 79 15 13 69 37 82 65 0 4 96 58 95 40 7 43 59 83 90 30 38 73 90 14 33 62 62 47 84 63 96 17 97 70 68 92 72 37 16 27 60 91 41 28 90 98 98 81 82 64 26 17 68 
35 16 8 70 85 7 28 22 61 93 5 24 39 86 30 34 12 68 50 15 13 47 38 73 38 89 76 5 78 73 21 40 16 23 68 37 54 87 50 7 18 68 92 84 4 51 47 9 76 15 68 35 63 11 55 85 7 78 7 46 76 5 57 87 87 1 98 67 23 41 58 72 37 37 21 70 44 52 31 1 83 31 50 86 84 50 54 51 83 60 82 35 80 50 65 46 15 2 65 91 
46 48 13 50 22 21 46 76 54 85 94 24 6 21 32 49 76 62 17 96 57 17 97 4 83 45 61 87 77 1 95 63 64 20 5 9 16 0 85 9 8 98 52 29 9 47 25 83 99 48 93 92 63 59 11 71 50 45 13 47 18 48 90 59 90 13 3 5 82 40 31 39 6 0 99 77 67 66 41 28 5 34 74 95 75 98 90 34 16 48 74 33 56 68 65 82 3 8 86 99 
74 63 53 26 26 46 39 84 65 83 18 59 43 63 75 17 65 93 17 11 25 70 19 50 72 91 42 47 19 14 59 11 54 21 54 88 71 5 97 3 86 61 66 54 46 41 6 80 71 80 99 99 68 30 43 41 43 80 48 31 89 81 95 35 99 47 81 95 57 74 50 81 94 61 70 66 30 54 35 51 72 13 93 42 81 88 51 28 90 41 35 70 24 78 53 94 54 9 9 48 
5 97 24 32 4 92 82 24 2 7 18 25 87 41 73 71 47 68 46 5 15 94 14 61 2 12 78 50 20 41 32 39 61 68 76 61 22 0 16 64 36 80 85 88 86 71 37 48 52 0 72 83 45 86 35 2 29 26 49 3 18 15 49 53 42 70 74 21 85 13 8 33 37 86 3 68 29 31 54 96 99 63 26 23 31 54 59 83 76 52 11 10 82 67 71 32 36 72 39 78 
92 4 48 23 71 74 1 79 22 0 75 2 92 64 23 83 48 39 25 35 94 1 16 77 55 70 54 34 36 97 79 79 22 90 51 76 93 94 70 0 91 77 19 92 34 19 48 4 49 35 3 57 69 68 98 4 60 82 35 3 59 4 92 36 28 70 28 19 79 20 80 6 62 72 60 12 56 82 72 64 82 28 27 57 95 95 27 41 25 86 22 49 11 17 28 27 80 70 94 88 
16 89 6 51 89 26 45 46 88 51 89 30 13 43 66 73 49 77 98 72 56 31 50 78 97 66 30 76 92 37 92 82 45 4 97 60 23 82 18 72 9 85 59 59 67 34 3 53 38 89 31 51 0 29 35 83 60 50 93 24 91 83 24 78 67 80 80 57 9 88 99 78 49 39 68 32 59 61 39 49 33 82 82 97 74 82 65 87 32 87 82 44 80 3 40 55 34 83 96 11 
73 51 3 27 94 85 52 56 55 5 4 48 19 85 75 73 69 95 61 75 78 73 74 35 57 73 0 14 73 6 43 74 11 53 74 33 42 66 99 63 33 46 88 61 67 66 68 1 89 27 7 86 84 45 99 77 53 88 59 6 76 95 55 50 79 86 52 21 80 43 12 96 42 86 95 25 85 42 69 73 60 48 15 87 81 74 48 87 94 45 32 59 8 14 64 18 61 37 57 44 
35 42 27 50 18 92 80 7 50 88 77 79 57 8 38 19 82 53 99 97 59 90 16 26 70 47 18 35 91 52 62 2 99 24 84 52 0 40 36 29 43 96 31 72 76 8 96 17 91 8 38 40 62 41 57 28 11 34 51 38 95 17 10 90 33 25 84 52 20 75 50 85 30 74 4 17 22 13 89 35 60 46 32 27 51 18 50 23 7 84 84 4 28 61 99 37 13 65 59 37 
82 60 12 82 41 85 79 60 41 65 93 64 39 25 29 86 11 99 85 78 60 37 81 97 30 78 73 58 96 17 36 75 81 27 67 5 11 50 28 21 10 52 28 74 4 42 0 5 96 52 52 91 58 36 13 0 96 8 27 17 46 15 21 39 12 74 99 2 61 56 91 58 5 14 75 48 44 94 13 56 87 13 6 7 63 14 38 50 16 75 3 77 1 98 51 54 70 21 90 92 
48 1 55 31 71 97 86 23 25 15 64 77 8 98 13 36 20 8 91 62 46 68 7 91 50 99 29 28 36 72 70 91 23 80 90 44 46 91 77 78 64 8 31 50 48 42 45 21 36 10 7 43 8 59 43 72 48 83 88 55 74 41 29 50 48 27 41 13 6 41 45 9 64 9 73 65 26 95 15 2 46 35 50 98 46 89 17 76 76 22 28 43 98 94 65 90 37 76 2 93 
61 32 74 3 54 44 65 46 58 49 75 50 36 5 63 33 39 27 26 26 47 95 1 88 95 34 0 56 48 13 23 40 53 3 85 83 30 45 75 75 9 59 5 67 33 4 26 65 63 57 22 18 61 83 11 72 27 90 52 17 29 50 22 45 88 31 37 26 76 67 84 33 88 72 8 86 59 76 85 55 4 47 22 84 21 1 47 57 6 40 24 48 12 64 81 72 92 34 34 11 
53 32 18 37 23 1 57 96 79 99 20 56 31 48 79 42 32 69 67 57 38 39 96 53 29 39 0 60 65 62 81 66 93 54 4 28 4 19 97 27 64 15 51 59 51 11 26 35 72 36 3 96 7 18 58 80 93 45 33 52 48 91 66 2 85 5 74 86 63 42 77 78 81 15 67 56 82 53 94 39 96 10 92 99 64 67 30 95 57 9 84 60 44 95 79 81 5 60 39 42 
19 21 58 1 63 71 65 86 36 36 38 85 37 10 90 47 31 45 7 57 34 10 48 98 88 91 40 50 46 57 49 88 96 72 1 51 75 28 15 68 10 11 14 82 55 39 18 22 70 70 61 35 42 5 86 74 79 71 23 61 49 96 52 42 30 90 74 35 22 52 80 83 6 44 89 69 49 61 93 15 46 22 82 38 43 92 79 29 46 53 70 98 79 56 25 88 26 0 27 34 
2 58 47 74 29 32 74 80 54 58 67 4 54 58 44 1 55 23 76 64 20 14 71 19 10 7 68 36 29 7 11 11 66 33 21 96 66 67 79 57 70 70 81 68 94 80 64 85 20 77 83 38 70 21 81 65 35 32 54 36 52 40 41 62 97 31 22 31 87 65 94 63 72 25 56 0 83 43 30 43 44 94 63 27 80 68 29 72 63 68 99 24 3 61 65 50 95 33 19 48 
17 62 8 74 22 83 96 5 31 42 32 10 23 82 88 90 37 74 22 69 24 84 11 97 64 72 30 78 10 77 32 69 10 12 29 82 81 91 7 96 93 77 3 46 75 48 56 33 94 79 45 22 20 3 79 21 30 36 19 8 15 33 12 65 63 6 47 2 67 3 18 84 25 12 0 32 37 37 92 15 24 89 23 55 55 24 30 65 24 85 99 49 83 35 22 99 55 71 49 32 
8 44 77 48 89 34 14 29 82 89 90 28 22 12 25 8 20 96 28 44 39 31 59 89 76 11 45 68 80 9 95 64 67 81 11 3 9 92 49 82 12 36 19 53 14 85 50 86 34 94 50 65 12 84 0 49 9 31 35 77 43 21 6 61 22 84 97 58 84 8 70 53 86 71 87 74 99 70 68 9 63 95 39 26 20 62 73 56 64 85 74 57 68 39 29 4 51 35 75 92 
16 19 61 44 20 29 53 0 3 29 26 14 6 51 26 95 4 99 73 56 35 30 80 17 38 33 87 0 28 85 26 55 80 30 68 62 94 33 80 99 99 23 45 70 76 25 6 71 52 26 58 12 82 38 21 20 29 19 98 43 64 75 72 53 23 17 25 0 85 40 16 78 5 10 99 64 64 4 14 15 42 82 62 24 5 18 27 83 31 6 93 51 74 88 40 95 62 72 40 25 
24 80 45 13 97 56 55 37 42 79 33 77 33 49 67 11 38 31 87 46 82 21 58 76 62 8 60 24 80 0 10 52 26 21 96 16 27 43 84 69 46 64 57 22 28 34 74 43 69 19 33 26 71 31 1 6 78 42 50 68 38 61 89 47 70 89 65 41 58 97 48 73 2 65 8 4 15 15 18 10 85 67 46 55 22 81 4 3 77 23 70 78 97 94 29 99 60 21 91 23 
67 19 84 39 26 46 12 46 85 77 33 14 60 1 55 64 48 93 62 6 87 34 13 50 4 56 12 70 5 55 87 76 42 66 7 32 31 44 19 20 55 28 97 97 75 42 53 10 44 39 55 45 2 67 66 76 9 63 62 86 84 80 54 63 77 53 11 90 6 11 17 10 15 20 86 67 31 72 54 28 57 18 93 92 20 41 55 25 69 54 4 25 41 11 75 22 63 30 37 71 
87 97 37 76 0 77 57 17 51 33 0 10 45 67 31 4 73 88 32 84 36 0 82 43 40 27 44 88 4 79 86 34 17 53 33 46 72 23 32 46 83 84 27 50 36 1 25 9 49 36 90 0 78 39 54 81 87 94 99 37 46 61 28 36 32 21 44 36 21 8 81 95 62 82 43 61 78 81 83 61 33 59 61 53 56 37 82 98 62 43 35 46 9 23 90 45 69 23 59 31 
58 8 66 99 89 62 85 69 56 60 67 15 85 81 31 1 45 75 6 89 28 94 65 88 97 16 97 22 3 95 16 98 37 74 66 91 18 42 8 4 94 24 35 4 45 24 56 0 30 50 88 38 75 48 87 31 9 59 4 7 61 60 23 84 74 69 36 71 50 36 98 28 1 34 35 13 52 42 85 3 92 2 10 25 22 28 83 87 9 44 94 16 67 71 34 72 50 47 10 57 
38 9 89 88 45 73 40 40 83 46 94 51 31 85 51 62 14 77 7 67 71 63 60 51 82 18 82 41 98 94 58 87 25 74 45 26 72 13 60 38 51 84 88 62 33 4 42 19 7 81 58 88 7 82 39 33 32 89 46 81 77 91 6 42 79 86 75 26 71 22 47 46 13 58 43 30 59 36 30 40 64 38 67 14 7 69 0 84 57 22 40 73 57 69 38 31 87 96 44 10 
60 70 52 44 82 78 30 47 98 60 41 36 95 67 7 86 15 64 95 8 46 70 9 13 35 47 9 30 87 8 3 65 63 57 64 87 11 66 27 24 90 95 36 6 98 25 83 4 49 90 35 49 7 92 58 12 59 75 43 93 25 29 65 15 57 99 40 28 4 6 41 66 27 0 23 84 55 86 66 48 34 21 14 20 45 85 15 74 74 41 42 57 45 15 19 93 70 39 96 10 
53 40 41 83 48 6 56 45 23 76 90 92 63 92 66 76 54 34 67 8 21 5 80 71 84 41 50 10 39 84 62 18 82 45 62 0 32 0 82 1 5 14 86 28 79 44 85 2 38 14 68 38 41 31 9 23 31 2 36 27 92 85 15 12 90 62 9 73 24 7 82 26 31 59 39 35 3 40 54 85 11 63 18 74 99 66 53 31 36 58 84 55 94 86 8 68 94 1 5 56 
8 76 59 49 81 25 69 41 85 87 85 21 99 64 89 19 40 8 3 65 81 77 78 71 57 95 67 76 87 92 31 50 85 14 36 25 4 54 6 44 80 91 90 70 99 55 79 33 16 65 94 26 20 3 38 24 49 56 63 87 78 51 90 95 75 86 57 8 38 83 76 52 93 3 72 96 71 58 0 75 69 56 61 14 94 63 94 67 75 11 54 73 46 1 39 32 87 65 12 7 
23 75 21 8 76 92 77 31 87 62 64 49 73 59 69 33 17 53 48 83 78 28 28 51 84 46 61 38 91 45 31 28 7 14 43 20 60 60 56 3 35 31 78 25 67 12 48 83 13 68 78 6 50 9 27 0 17 52 34 0 51 56 54 13 45 78 10 16 87 60 94 48 87 38 47 97 80 74 82 39 70 37 64 63 30 79 19 51 33 7 34 25 65 0 36 13 88 77 10 5 
3 32 57 27 51 93 86 8 42 31 76 3 19 91 31 56 34 83 96 94 14 52 58 0 10 26 37 92 54 93 43 48 90 87 63 68 64 39 4 59 63 16 65 82 36 3 16 55 49 42 89 1 45 62 10 35 37 40 61 50 39 70 76 42 90 76 90 67 14 24 43 20 33 96 17 54 53 69 52 98 23 2 50 93 31 56 74 43 47 12 5 98 88 1 56 82 64 20 71 6 
35 57 1 6 35 41 0 66 58 75 20 3 41 80 43 31 11 93 66 20 67 22 31 64 92 60 19 99 97 28 31 96 18 56 84 21 90 26 60 67 81 16 83 22 2 1 97 9 49 30 17 29 74 54 64 83 37 94 61 65 42 84 23 89 64 8 87 7 88 13 27 7 1 97 58 24 83 73 54 42 87 12 66 16 8 0 95 46 59 98 65 95 48 58 92 36 8 57 17 37 
57 47 28 53 26 79 22 43 52 10 73 49 2 78 90 2 3 12 71 11 47 42 57 71 23 43 30 71 59 6 11 65 23 40 11 52 89 87 6 41 41 89 29 8 12 60 69 64 98 35 69 85 12 31 79 16 50 25 99 44 56 99 95 43 85 79 55 7 76 22 31 23 43 42 8 55 31 26 16 91 54 94 12 49 48 55 76 82 67 83 71 99 17 20 21 39 99 41 98 5 
25 6 50 12 1 75 71 40 13 72 75 63 65 92 38 95 61 61 60 79 77 95 69 78 7 81 71 6 22 9 94 19 83 51 19 86 60 66 52 90 45 1 74 28 96 68 1 85 16 68 20 90 41 51 63 18 11 2 87 7 27 45 9 52 44 34 41 85 5 20 48 77 66 95 10 26 39 63 23 83 36 28 89 13 92 63 85 17 54 89 31 43 58 19 29 44 6 33 34 87 
79 57 77 16 96 62 60 2 86 16 49 31 45 65 35 9 63 49 43 0 60 52 58 5 57 33 47 7 3 97 69 37 23 83 59 83 15 51 60 94 85 28 21 66 72 12 26 7 8 39 91 51 92 50 21 57 15 4 51 88 27 73 68 81 40 89 42 16 59 47 57 96 90 99 11 85 72 69 23 79 36 27 48 85 13 76 39 21 43 8 79 65 78 16 10 77 83 77 34 32 
86 3 92 53 29 90 55 51 20 81 50 90 52 68 40 57 14 98 33 12 74 25 17 99 7 48 94 47 24 9 41 23 32 99 29 19 10 88 34 16 78 22 17 78 44 15 9 47 25 84 96 46 50 2 80 90 35 24 84 38 85 47 55 82 82 85 28 13 73 50 14 66 75 78 28 99 12 89 89 89 30 4 45 51 18 59 1 26 33 71 95 9 70 38 22 85 71 65 19 34 
24 69 67 86 18 40 31 12 45 61 17 26 0 91 37 33 73 9 78 25 5 11 98 19 33 22 13 87 80 83 46 73 90 17 15 1 61 49 15 2 90 12 92 94 65 52 43 44 0 96 49 23 35 62 83 79 1 62 85 68 25 10 46 55 61 92 76 80 25 3 64 75 36 10 11 96 3 55 82 43 19 99 87 89 44 53 12 27 18 44 54 77 70 37 46 26 87 25 20 25 
36 31 10 54 14 89 81 65 62 19 73 94 85 26 84 16 79 61 43 92 79 99 33 28 33 63 33 82 5 58 85 29 49 36 15 74 25 73 40 40 11 8 59 14 70 70 45 35 18 50 59 66 63 18 34 78 6 42 29 63 72 9 29 32 92 31 55 98 36 29 60 7 98 74 97 96 60 91 8 62 75 27 95 91 13 19 32 89 86 15 81 59 53 61 73 18 6 10 17 90 
75 36 79 56 69 42 46 11 49 4 6 2 35 21 84 15 37 79 37 35 40 20 48 68 45 34 29 38 56 43 89 74 48 36 1 62 74 85 33 80 28 75 0 29 73 26 89 24 21 57 51 8 3 33 97 89 59 48 16 64 18 54 6 14 5 51 99 57 88 55 50 92 96 93 85 44 11 84 5 79 36 14 1 18 19 32 30 68 28 11 57 65 14 50 99 73 95 57 51 66 
24 76 51 77 52 27 56 86 53 26 68 84 18 82 41 5 33 44 71 47 16 5 46 65 25 90 62 12 27 97 97 5 46 59 68 44 22 26 57 8 26 75 5 60 1 2 44 25 68 66 49 77 81 45 54 55 87 38 36 18 61 77 97 45 33 99 33 32 77 51 59 64 59 60 99 99 39 98 73 8 56 62 65 23 64 42 12 29 29 32 59 71 51 59 46 56 87 43 75 20 
93 39 10 17 8 49 32 35 0 67 13 0 15 88 11 92 74 33 93 11 72 34 12 18 82 50 51 92 13 18 24 5 30 49 56 6 89 43 72 68 7 66 6 15 7 80 59 36 70 20 38 74 0 74 76 10 60 57 88 21 45 51 79 92 68 48 96 37 57 70 19 80 53 8 42 36 97 66 94 60 44 71 89 78 56 93 38 5 80 63 75 28 71 76 74 33 52 28 31 19 
32 27 49 90 48 34 77 87 22 17 55 18 59 89 36 34 52 25 15 42 71 63 84 36 11 68 46 8 24 50 42 99 86 58 47 64 91 52 48 35 86 33 67 5 14 63 25 1 39 67 66 90 0 15 71 72 35 24 30 79 74 77 72 69 58 22 24 85 87 44 19 76 21 89 77 62 64 75 93 15 59 76 77 89 72 36 60 69 13 23 14 66 75 48 51 65 21 26 92 94 
22 11 29 64 61 19 63 66 7 88 31 87 22 57 0 8 89 62 13 31 30 76 49 25 90 54 72 65 99 59 59 17 86 43 12 28 75 54 15 33 48 58 42 18 0 69 34 35 53 10 43 89 72 91 34 10 36 14 77 40 19 5 92 20 2 17 61 60 59 25 69 22 18 65 94 40 67 38 81 35 54 16 9 13 75 93 48 59 73 15 93 11 2 7 44 43 54 75 49 62 
22 93 41 78 59 24 53 11 43 8 2 65 90 31 49 80 87 13 25 35 74 32 43 82 66 26 11 65 68 67 58 29 84 19 61 54 93 42 19 6 3 36 90 18 96 20 98 76 75 79 56 77 1 59 6 53 86 73 10 72 3 41 16 98 31 92 83 85 73 59 12 70 42 81 98 0 36 68 31 1 41 27 44 42 9 85 0 58 95 23 16 49 92 47 29 64 83 89 11 23 
76 26 39 67 70 3 69 11 36 71 4 70 7 57 11 10 2 53 24 48 1 34 83 22 58 38 98 19 70 11 62 92 95 65 38 41 51 12 16 92 56 15 17 85 77 4 14 25 29 36 27 48 14 21 0 8 43 32 24 65 23 18 63 39 6 66 20 77 88 40 28 44 14 92 93 29 40 10 95 52 74 92 50 31 29 56 45 45 19 24 76 5 9 2 78 83 92 4 77 15 
30 40 27 15 60 74 49 22 62 93 19 12 88 80 76 3 19 40 47 40 31 43 53 15 77 31 39 3 1 19 34 71 22 40 6 78 75 8 58 53 48 2 65 90 24 54 50 5 84 87 10 44 63 35 3 48 82 39 84 6 65 39 0 96 0 12 49 23 68 30 67 38 98 72 65 53 23 37 28 32 12 33 54 27 35 90 7 89 45 86 70 88 26 31 41 39 1 61 66 99 
49 76 34 9 49 15 84 27 96 23 16 87 12 31 66 8 45 10 1 49 74 76 62 23 71 7 22 35 35 44 24 13 84 54 74 40 89 75 55 5 68 19 13 95 66 11 28 74 76 3 43 19 35 7 1 37 37 6 28 51 94 56 80 99 88 21 47 63 37 93 70 16 19 12 25 22 38 8 3 8 93 93 59 98 63 69 1 78 59 18 94 10 88 72 53 28 26 57 30 98 
38 43 65 23 54 54 1 30 63 20 10 4 67 65 57 5 90 79 50 54 28 36 75 79 54 12 21 94 68 29 91 72 85 64 12 35 58 63 52 78 15 94 97 70 97 86 69 1 32 68 44 0 48 48 39 52 1 8 46 83 34 36 65 69 73 95 82 58 4 32 93 35 55 77 92 6 60 98 39 56 42 6 63 46 12 72 1 5 82 59 20 59 58 8 87 97 83 35 26 85 
12 71 58 15 6 10 13 60 1 91 48 5 81 16 34 41 93 19 52 75 4 18 84 58 70 47 91 40 69 83 26 23 82 13 30 2 1 8 75 22 3 50 4 37 38 32 61 49 21 43 74 1 0 83 4 89 48 39 5 94 63 18 90 29 88 75 34 62 49 23 21 11 7 65 90 23 83 92 70 52 67 9 46 12 76 69 33 31 81 99 95 85 43 9 77 23 45 56 6 77 
61 36 98 64 27 38 55 60 91 5 27 3 43 39 98 65 93 2 16 62 88 45 77 22 39 45 30 70 96 99 98 81 1 90 10 37 12 44 37 39 44 51 63 46 56 83 24 82 12 42 37 72 24 10 89 38 79 1 84 85 77 98 60 59 82 94 32 74 98 14 59 8 8 66 85 2 29 63 11 95 24 43 12 2 50 26 17 35 34 80 11 85 20 98 47 98 16 78 62 95 
23 46 11 18 96 56 78 46 61 94 11 98 54 21 31 43 62 86 35 81 15 96 18 7 72 61 20 78 50 60 81 39 94 9 34 59 39 75 93 39 74 80 1 16 67 31 36 90 55 9 59 60 86 29 21 24 56 13 99 13 88 88 55 87 17 26 25 43 65 37 10 92 45 65 94 81 9 78 73 57 12 82 4 46 1 51 45 87 8 1 49 13 75 50 58 90 97 91 64 26 
3 86 87 22 96 65 20 98 46 64 83 66 94 20 62 65 62 56 40 49 69 66 39 98 55 49 70 93 59 37 59 13 13 64 61 79 12 68 98 57 35 48 56 7 64 46 78 86 20 77 36 29 6 52 11 54 43 58 88 52 55 73 51 4 83 54 87 24 17 67 0 75 56 27 74 57 38 9 23 97 87 10 80 33 7 79 66 31 20 38 55 37 46 48 9 44 35 97 17 28 
9 91 27 56 7 80 20 0 85 82 72 59 51 57 32 80 20 45 22 7 79 98 52 44 81 14 84 13 3 39 51 75 92 87 36 5 89 9 79 70 98 18 85 25 36 95 90 35 60 2 67 86 15 36 94 95 72 67 30 52 79 83 82 69 50 14 71 43 28 6 9 75 20 0 83 95 73 50 36 29 3 76 5 13 25 30 65 1 61 57 15 20 75 60 60 39 43 19 61 32 
23 76 0 85 55 35 66 33 18 94 72 38 23 36 18 54 69 20 36 17 49 62 66 15 86 30 35 92 26 48 25 50 91 37 35 23 3 28 82 5 20 46 30 75 27 74 49 36 26 59 93 41 4 98 89 99 57 92 85 85 48 56 86 69 10 89 50 45 8 35 77 86 66 74 74 9 51 74 96 63 49 24 96 87 46 71 48 23 58 1 19 21 47 64 31 90 76 96 79 36 
51 11 72 97 14 90 46 15 93 22 73 32 44 96 14 26 59 77 41 57 10 56 97 53 33 10 77 97 11 89 41 0 19 92 67 35 61 4 97 5 14 99 68 39 45 68 40 1 91 33 21 34 70 26 71 37 4 73 90 29 13 84 6 21 30 51 55 86 81 46 89 68 82 17 65 8 69 35 71 98 36 72 36 11 12 80 89 73 84 75 24 90 51 39 23 95 72 72 66 2 
73 92 26 47 59 15 7 11 74 38 37 6 66 61 15 35 68 19 11 32 40 61 16 64 99 10 8 14 95 4 5 82 10 27 70 23 97 42 49 16 54 81 7 69 64 13 99 52 57 21 4 26 97 96 28 44 81 7 16 21 10 23 15 5 9 49 97 61 85 26 63 43 20 33 11 20 80 41 14 40 9 48 99 93 42 48 72 50 97 74 13 76 41 74 77 5 76 58 9 73 
23 64 85 56 94 31 47 2 74 42 35 46 54 69 73 54 90 13 36 76 27 85 69 67 63 77 31 42 46 2 75 92 85 89 40 76 25 30 12 78 75 2 83 65 19 86 11 32 15 32 29 76 59 96 98 91 45 8 82 23 68 61 93 15 97 95 38 97 81 8 74 94 1 82 31 74 45 41 22 64 85 27 68 82 9 67 64 23 57 20 24 22 34 5 33 51 6 97 41 64 
96 38 12 93 12 5 17 16 69 79 55 42 78 30 42 53 21 50 31 18 66 78 43 34 32 92 75 10 98 13 75 60 32 35 99 49 17 63 1 30 98 68 38 80 1 10 64 31 24 3 35 2 64 78 97 17 12 93 82 88 45 77 79 74 0 31 37 5 34 93 1 40 38 61 7 71 30 45 86 36 43 71 30 45 92 8 89 93 59 6 26 78 81 55 5 20 91 36 76 26 
47 68 77 38 91 67 35 35 10 86 96 69 71 37 59 98 21 80 42 69 74 91 85 16 9 56 34 42 14 87 88 98 59 1 99 33 84 26 68 57 4 71 90 53 85 69 69 89 7 72 41 35 55 18 33 76 80 29 67 69 38 42 64 43 1 92 27 22 28 9 78 69 73 47 96 13 45 50 13 50 31 37 77 95 32 71 57 21 37 9 39 96 79 9 74 6 30 91 87 60 
82 44 31 43 94 99 93 80 40 48 79 84 4 26 67 92 78 31 6 16 47 90 79 78 97 1 45 64 7 34 40 82 14 36 58 24 75 89 75 86 65 42 44 41 13 51 80 83 75 19 35 14 34 37 44 8 36 79 11 33 31 16 9 38 77 26 79 66 55 75 80 95 70 55 44 21 36 56 15 87 53 85 49 46 66 75 98 97 98 34 48 88 87 8 84 20 23 61 34 48 
34 18 17 77 54 35 43 1 77 58 93 33 77 80 88 32 42 66 35 73 75 66 18 50 68 46 45 94 27 69 90 6 90 13 53 64 1 8 30 77 19 53 80 59 5 59 55 41 64 67 75 49 85 66 60 52 4 19 35 0 17 19 88 66 61 15 75 1 20 81 22 2 85 70 18 83 75 30 17 85 33 69 63 96 76 45 72 16 52 87 40 22 83 54 46 47 24 89 10 75 
72 39 36 36 59 42 66 77 57 6 68 50 23 88 90 64 68 38 63 7 91 2 91 46 55 58 93 99 47 9 5 50 69 71 45 68 17 96 77 86 44 68 3 33 21 72 28 71 91 0 2 57 90 24 30 60 96 92 57 30 83 34 8 23 96 10 45 92 14 29 36 52 18 94 64 71 82 3 48 77 22 72 8 18 66 7 19 95 57 74 96 8 28 15 97 0 31 28 69 15 
18 50 31 98 10 32 55 69 41 11 93 77 59 83 47 94 16 54 59 81 98 38 39 70 48 2 95 61 51 7 98 58 0 54 60 0 21 21 89 69 70 43 27 78 75 42 66 48 39 50 20 78 51 61 98 96 75 24 56 49 27 60 59 15 52 5 18 77 57 4 10 78 45 45 94 62 43 51 98 52 81 63 33 21 51 66 39 38 90 97 84 71 73 54 91 80 88 39 98 72 
25 86 89 97 34 6 45 42 10 4 17 41 61 56 59 71 37 0 38 74 66 47 90 33 5 45 43 60 65 81 45 74 98 41 71 77 67 69 92 75 93 37 34 47 73 67 69 8 22 88 20 28 32 86 86 15 11 97 27 80 46 19 33 6 71 50 36 44 28 93 97 79 9 11 50 38 46 41 15 38 96 18 61 82 36 94 48 90 94 5 86 92 43 89 54 71 7 3 42 47 
91 86 62 16 42 3 40 6 16 65 95 87 72 27 90 92 35 57 61 24 21 89 68 80 35 37 96 49 5 89 93 96 96 41 55 0 41 74 93 0 31 7 89 16 8 0 40 50 17 17 2 22 84 41 34 20 92 61 0 60 79 31 87 97 92 46 6 88 83 28 81 41 89 93 90 52 77 11 24 17 17 4 87 62 53 98 52 30 0 2 84 77 62 13 40 58 17 10 62 60 
71 72 86 30 83 85 33 98 8 12 93 85 58 44 27 82 58 44 88 35 61 41 59 8 17 46 77 41 27 57 90 57 64 26 46 28 21 29 9 96 2 36 19 21 11 86 62 85 16 41 67 42 84 54 13 80 84 34 5 89 96 75 26 16 99 37 42 35 24 76 6 5 28 73 53 43 46 50 87 8 27 28 82 62 96 97 50 15 48 56 29 98 71 54 70 87 75 60 82 0 
46 26 18 23 9 27 17 36 61 24 44 60 26 82 18 74 6 24 9 23 16 12 81 43 45 53 50 71 67 42 73 18 4 83 2 44 25 27 69 31 60 83 74 59 71 91 54 54 69 70 10 75 87 95 68 18 76 42 51 51 52 0 12 34 2 61 8 29 37 99 14 68 58 69 64 41 62 58 72 80 70 76 14 16 19 76 0 7 14 81 56 28 77 25 27 17 13 76 37 89 
